-6.896991063776859,-0.8999795797112071,-0.9983753136068925
8.0692259672239,9.63282273423927,-0.9117428360890162
-0.5185630117170135,1.8255956767209511,0.9654155716469817
-0.14080113235902658,-1.07398157705952,-0.9372936835672017
-7.553354837285056,-6.3835068868723965,-0.9800058949354838
8.668076627463137,7.331543797822924,-0.28753979261038154
1.4748779720606535,0.7918288537889779,0.7674703131737586
-2.6976531383266362,8.210163687877959,-0.6966194958168949
-2.20623440535568,8.914181902568465,0.4121041159955205
-2.454321123113349,6.037844899176449,-0.42768585603593856
0.6757060199765803,6.607344800128551,0.8413983135219307
4.476736183018431,-9.253111504147839,0.9979535724578116
7.056705843901462,-8.713188868167055,-0.9963311405573556
9.94212294231292,-1.159619107457054,0.5990179622964379
-5.354181512890541,1.5253972379254144,0.6343687240665242
4.861277255382838,-0.10958207058751057,-0.9992276105987974
-9.73953736092566,-2.63131292616292,0.19427697456538615
-9.61909717019649,-3.0480152538876055,-0.10057149287702724
-8.402064636502775,0.7798544817504975,-0.973261010020863
-4.404974270220912,5.3765525408122485,0.8257768812239806
8.100079089965163,5.120480355128024,0.6085157468821992
9.673298711319106,-3.779024547225461,-0.3791810963200108
4.303249795044124,-5.616763755164072,-0.967085059300253
-7.011060452837221,-9.865267931538561,0.9201115149293383
9.771801071129154,2.4568587905014425,-0.3313280216354979
8.317252886161043,9.116668174089199,-0.9879865908341627
3.7597214703639352,3.0884317091644746,0.5353886810869215
-2.615608465334475,-1.7803761090608425,0.9503603332948821
8.357631789797388,-8.133886020960688,0.22188356982158866
-2.5452675630221506,7.309731799380216,-0.9986443902480541
3.870699696873281,8.014115620042837,-0.6300016198828366
7.882822675167731,-6.65942018646243,0.9402631688952534
-8.491711906048423,7.295709895884876,-0.9305829383965455
2.4970252014298,8.744833176849724,-0.9698250609093899
-9.785208391892063,-8.935142093047077,0.12884624299161354
4.744808641838361,6.49606318523999,-0.9700651119396738
3.4116215074199445,4.6987360398598526,0.9673153120244842
3.291259560029033,-9.899865489520579,-0.3197073606381674
-0.9409328695497408,4.3716164479730395,-0.2850809913561697
-5.002115849146307,-7.052298020138856,0.48988404973059185
-0.17829649683447713,-5.7511937130013635,0.3463665322557856
1.5512527286820585,5.2923999103343675,0.5315820891884943
-4.979195811605788,2.7039138372947136,-0.7619447688117932
-7.06164918750747,6.448511222637883,-0.5754366621047838
-5.575003365853014,0.48092493534177905,0.9280366589242619
2.9540986382918604,-1.0967750413661648,0.9592311302157998
5.07605855061815,5.584295662282045,-0.9443379329983618
-4.347622917270513,-9.94771129541164,-0.9875176122302612
7.993554350042082,-5.1166660474661505,0.261623928087741
5.541398527996812,9.80051633978568,0.35792843363509386
-9.94717778593579,-1.4295132675276392,0.9282498252316215
5.169645856959846,5.3857374722155456,-0.9046703100105137
6.841746428229257,1.0826440234008743,0.9975223230219145
-3.0616275016746854,-6.733262068423972,0.3617194861421994
-5.91339667671615,0.046530820912362714,0.40439703055627335
4.430545522563406,5.058738657919648,-0.06446149339358685
-5.577888659503884,2.6779503171094774,-0.23930919571476642
-0.8135759048840008,-1.4312458762140352,-0.7813155712930332
4.564204981887151,5.2964223802861525,-0.42218054594097043
5.1655604385758025,-8.949488574801386,0.5990670916799113
5.6719660229515085,-0.3229191910022102,-0.8040871902954939
-7.632484222840748,5.52079832518865,-0.8572509816613431
-4.646570021401505,-7.859563519434722,0.06020065171073216
5.194157177394565,-3.793493686674161,0.9855622846949735
-2.2155467103915853,-2.865931744120246,0.9326562192909679
-2.0540534687128016,-8.896851696212956,0.9990025006196475
-0.5498077148942642,3.6939863770071213,-0.002586005640768676
1.4539347094261181,-8.185401530951935,-0.4334174871770755
-3.750140224411602,-6.589563289813206,0.7925171878773384
7.560163879668131,-5.8169526957532405,0.985173342371828
-4.310426054058251,-9.017198142107738,-0.6898295447998508
-2.0575295748816878,-8.079627133662083,0.6536358767643838
4.3576882464746305,0.24256373366659645,-0.9937192322960375
5.0112419400811135,-3.216593569748298,0.9750495811090968
0.24639325419236968,8.766021114288932,0.40077591224149417
-4.77839632823261,3.281125545638389,-0.9972982146596332
2.3827723445555407,1.5987299665304917,-0.7445828166692854
-9.879268215813667,0.832655019713016,-0.3692155275732366
-8.69481662034826,7.541847848693031,-0.9139726220476264
3.753284135681284,-2.9013861984697655,0.7525316578419952
-9.720682605884225,-6.534017898889633,0.5199028660862244
8.198596314488682,9.307048670042214,-0.9743717323143822
6.362446589811185,4.315703414783286,-0.950042502870684
3.2417483016634563,5.036671583686527,0.9112702098294705
-5.37165796970816,1.3122645540716888,0.7942673544074521
2.4781676902970844,9.004021260652323,-0.8839210266332597
8.252552528525626,-2.89172290284975,-0.7970265305647476
-3.129242794085087,-9.081546823927408,0.3481350757238795
-2.128681159582399,-5.661849800291961,-0.9979876812449825
-9.931826037080338,-7.417253863588606,0.9975285459729297
5.893134400690251,7.897154274504594,0.9404385696720504
-5.470449305866367,-5.550393654126701,0.999680764083551
-1.8419315694005114,-6.718472314982627,-0.7606891154015502
-3.57276708497389,-2.0309216454617065,0.6284014961660744
1.870340275122647,-2.4007501712681822,-0.5058869600189344
7.432127845977256,-6.226826780870379,0.9339468632989107
3.1502339109815054,1.33682660038599,-0.9747207709565705
2.192876688642926,-9.314448327800697,-0.7435650875234651
6.730680251710417,-3.50980778213048,-0.07919679265687647
9.197072154885547,5.940079828793259,0.5403148920891402
-4.751016048666351,-4.5651567914331395,-0.10839174567353418
8.358925952799979,5.061940381934569,0.7542399025819357
5.981248521150029,-6.357962156999921,-0.36786654173687416
-4.852261042942633,5.777383259897334,0.7986943116252532
1.0227616167930655,3.078667361418468,-0.8190976862278382
8.89735393724174,4.8590979811113115,0.9283991816126953
-1.2129887425495376,4.670521600099562,-0.310710276680414
9.06604028741259,-0.9627318607287059,0.9690787562877079
-9.815309172356134,9.725143412714132,-0.09004363673096646
-8.93744433924795,-3.433869603188647,0.19382213250880356
-0.12429852167183242,3.007681894464824,0.25534960753859426
9.331188806518952,-3.4775288115095684,-0.41643928049989865
8.623382515361236,-3.111346920974867,-0.6969601694372773
-2.5214124129404745,-3.8425037295483335,-0.0806431704455528
-9.73477366202916,3.0280061586034748,-0.41102869362379424
-7.691866565399351,1.7760670295513137,0.3591768821920208
1.9611677410471948,1.4502395157979642,-0.2665527521190551
-1.8117995832511014,-1.043425424504683,-0.28246966520129685
-5.126794422130029,0.6431468949398962,0.9739525441990857
-1.3581571549289535,-9.235983491630687,0.9205017615502512
6.481368076981859,-6.498009088623956,-0.016640243605508972
4.332434647048345,7.463401170210666,-0.6965190756032387
-5.139360433122803,9.707905659049729,-0.9896723131259022
-0.9912398711098049,-3.529281107012956,0.9816497331612168
-7.814600309042987,7.007297340255576,-0.7224249436072282
1.2712628097440373,0.701140844372965,0.9204338817502764
3.453086919762349,9.861926201599786,0.6806448697553821
-2.4437025431834023,-0.007553590240970465,-0.6367966860110282
-4.133415183552309,-6.229623236265638,0.8065309186641377
4.528181253188897,-9.861273196885687,0.8134698092032455
9.373759581641465,2.8611148574430985,-0.3254581103382543
-9.575884436369716,-3.654062596043058,-0.6159382673163787
-4.190868111416016,2.1801314988279756,-0.9047770962441979
-1.8368442861077057,-8.58753673485845,0.8412564510309642
1.8483303612191193,4.555619608926207,0.12047133621241428
0.039075257466492985,4.846033681129917,-0.9851209527964417
2.321816278099085,6.312183637294886,0.7109006809474008
-4.475645758440372,5.304720621325046,0.7373067027953066
2.5080180900907862,-8.77358861286297,0.017613873500468866
3.1361598995204147,-6.577131686167306,0.2949270128960634
-5.96449433972986,8.607940290701961,0.47779829472664576
-4.7596705342897785,-6.264188067667632,0.9996000254457734
-8.036378271050015,-5.451244920607678,-0.7963598322836793
-3.880309912250116,7.159921894402586,-0.13758154966826533
-4.4407931140800905,4.5302491902317,0.08933681348594226
0.6529733973306442,3.796452060133518,-0.965623871500261
-7.642985615954629,-9.05156417491391,0.8341481713645607
1.1098356642321114,-2.3112013464388603,-0.9325330821838937
-6.111521931849598,3.6310363209970973,-0.6139910312565107
-5.5035949351052516,-5.492690991326331,0.999999746785072
-7.598685638484515,6.164981791634389,-0.9906175345672875
-7.26681696500836,4.657969296694709,-0.5078998263537242
-0.5160079872563159,5.948023491668309,-0.7520519410343679
-7.87975698843271,-1.2506633732608954,-0.29012513959428426
3.211315426535549,4.944716382304691,0.954728613707445
-5.530379995527497,-1.0815514022660437,-0.32285652258700576
-7.496512128516354,7.954539536872744,0.442179698716044
1.0055734602074615,-3.1782377158448902,-0.8242794636984183
9.777372446582028,5.64993313816732,0.27698765876579806
-7.380119317427301,-4.709107047460563,0.45924425978962385
-6.873639957471308,-6.012941036855203,-0.3147662537695816
6.896481513304273,-0.27990242328441184,0.3272518183797953
-2.287131769041647,-3.0256921816871625,0.8250899341100479
1.4706252907085648,5.381730749371918,0.5389337024864521
-6.7591973688745455,-0.14745531715724525,-0.5838536870245791
3.3770506771062188,8.80772773187234,-0.37239862345431024
6.831458267620349,-2.702214242571479,-0.8347350053365634
-5.572690464197848,3.0150885923909243,-0.551357703834716
5.4427144414528925,-1.3456725020048381,-0.8165731694938289
-0.3272169228565538,2.015863369501041,0.9930637081815613
1.6238167569259652,-9.826108162830323,-0.9399509462377845
9.205452059830492,5.291643820872395,0.935921854080924
3.4936948247789132,-8.205989377246471,0.9999999955416843
-0.2672763769588613,9.788492873227185,-0.09628911898079606
5.177282281355318,-1.929812096809556,-0.10567982637223765
-1.87677850257408,5.112599218542883,-0.09408868357729701
9.197847456496994,-3.3995123951965134,-0.4660758705022233
-8.098632028700614,-3.3102455202655854,0.9157991108097459
0.7065701983660624,1.908696123543411,0.5023602700390135
8.063499494741897,-1.7019265578349163,0.07830737734803023
-0.6812444824011656,-1.697431137455304,-0.6910328821626857
-8.620795086902948,-0.7023550458645929,-0.10145297930323322
5.701889289323944,4.379980361876093,-0.6108167202952923
6.223164709374068,0.634586777011954,0.5434706804494885
-3.4499792701898215,-5.233677378488796,-0.6751155412733636
3.8662617523030605,-7.775629369382425,0.6945361392861937
-3.017616398832299,-1.8312921192512768,0.990695672238972
-2.6344796867813898,-6.313116474552292,-0.45927761547585155
-7.962500629461463,9.347495612052704,0.9827885305600977
8.646916190523363,-3.6333509046035495,-0.9549882062039886
6.186036843494811,3.221359870273915,0.017380371845643727
7.757808637734541,-4.724988506993142,0.10855816004212944
-2.8755847063474214,2.130136834695662,-0.6783009674808879
7.9897558180892645,-1.8118254755127126,-0.10506072582102016
-4.365835039118643,2.6242101225999264,-0.9854442458377348
4.5798710325212895,4.3384180462318795,0.4851099351338319
-0.6056169397642606,-6.2394951397910745,-0.5328176786526497
-6.669881782365877,7.45729529278654,0.7085304097681094
-6.556718796773595,4.541315506017597,-0.9027797811355215
-3.159806282380284,1.7208384600212447,-0.9913231996343834
-7.614116808851431,-8.439435250379496,0.3387507156157443
0.6645302109625852,9.907373971367008,-0.9115862704010878
-1.986825534511322,1.8272279621547156,-0.15892090617519355
-9.069805001728032,-5.27282732229288,-0.9789661418313477
-7.155499053960192,2.9988823193392875,0.8494932571541443
4.06657821458289,4.09979665472023,0.9516007661967671
-7.5299892794923515,-3.0391209408702906,0.910434091434295
-3.3990836774507613,-9.439286239245494,-0.26865777172008043
7.990239675263986,6.017205551405723,0.9915979306238674
-5.5165903286187365,-6.857793605543318,0.19080944935724808
-7.914880176479244,7.997253996956445,0.08228069488852177
-2.7677798079763036,8.676451575628718,-0.36581983058811585
2.8971639531938465,-2.1800551371345946,0.6572083104709513
-5.614117980981824,-3.786808011254024,-0.023849706968507824
-8.78468686560215,-5.395310638088127,-0.9990829116658757
-5.16077907254591,7.217667945305472,0.8841650671490211
9.030659135231346,8.804279476791386,-0.8492785744423699
-2.2745708751098768,-0.4899603778878827,-0.36818989847634903
-6.932886889259258,-1.5197977528401694,-0.8260672572199567
7.268004157046633,7.110370206752236,0.9710502593459994
6.449857611819645,-5.572279744008021,0.7691933552575649
-3.540005568695026,3.0720798233775497,-0.4510359727300011
-7.82524382786427,6.230700261298466,-0.9997180475521583
-6.799931314070502,5.318103586688295,-0.9960449040431646
5.988804467847217,-0.8554211358252495,-0.9126830317034653
-1.5372200353283745,-5.956699692748227,-0.9358750140318999
8.408487928892477,-1.3283567733835753,0.7152249005575401
-7.088030106528404,4.655537972424241,-0.6511513756952334
0.8238009162652382,4.359294884407639,-0.8912479562957509
6.014668062490408,6.296932742365165,-0.2520226550590153
2.4707952795612513,0.12148881997099537,0.5220976294082886
4.75736829005848,-7.195249566782724,-0.6470518614960822
-6.967471702321127,-8.950791380333225,0.20875311852315206
-9.146774744975392,-3.5342430280412493,-0.11439617050876573
1.7926599664449654,-2.538705206069288,-0.6787397829679002
5.6560832659599924,0.9957650267973328,0.3603685740158113
4.071125781830737,1.258019053249086,-0.8157591330246718
-9.778791569079203,-3.505624167432913,-0.6579137246078787
3.9661064647654456,-3.0056821102624127,0.8194348703236889
-8.245192753644297,-1.3463188037641771,0.16596213486108774
-0.17068123603295504,-2.262539163705238,-0.6505984874085657
-4.256791173609599,-3.004019332102594,-0.8291722119044783
1.7091232388781208,2.398419583301944,-0.8225895872777866
-5.367500031593401,1.2052809876615136,0.8524356861365526
0.16498536489569915,9.259460328438067,0.0003322674294999867
4.342885643416544,6.189743900229168,-0.8947413008624665
4.043397491289781,8.539731375177631,0.016757467724087687
3.2842559033239453,9.40355163453556,0.12113867327036838
3.4344203254153243,2.5397587320319417,-0.3041121042304856
-5.378934599628586,-6.795602909704943,0.38188323085106607
-3.2022247542198166,6.091706985557835,0.2494482211176031
-5.618667111796544,-4.909346423081907,0.892670336373079
-5.75866547060512,-6.794313901084514,0.01339084244151331
8.271197446354257,6.032116792619242,0.9862292598391429
-5.636781938664658,-5.615810072627582,0.9671523647085407
3.425229293289199,-1.1925064618295345,0.7888095937565095
6.009470051837432,6.71720597008612,0.15961970585955768
-0.50913428938793,-9.685895929090577,0.6963163149773923
3.811883963628013,3.27559948653073,0.7203440005107505
-2.2322671236753493,-8.560960363412136,0.9795976421453594
8.654461189778864,5.043431034015207,0.9050603517271144
-5.799665459141011,-4.531306544201694,0.7871621370388702
-5.57909150802795,2.138223512590578,0.2948278367536035
5.725327196318759,-1.0612376637127419,-0.9988338084097915
-7.611414576754235,-3.4457242714165837,0.9981055009288385
0.13094397254103285,0.8994731270673348,0.8575136453479499
-0.7640309987660103,7.782048135990699,0.670462392511668
-3.889525696666656,3.8153440753112093,-0.07411360423866081
9.865299689391861,-9.27643500165896,0.5554172874129629
6.9962261351062125,-4.126864862894482,0.2688813112990702
7.9573812075774555,9.359201222484195,-0.9992848018319279
8.320002612713338,4.954868958287221,0.6506962217358738
-1.9830872995247972,-2.0987321921135234,0.8076918659919569
-6.552229453240486,0.07531194224548443,-0.19252261108210783
6.888368734508418,-2.193085694072572,-0.9998536969768016
6.986130503234904,4.204981092865545,-0.9809434155268721
-0.648500973896553,-3.922110226090588,0.989966354539513
4.64874235220848,-4.280132312734615,0.36031918485571923
-6.387734633462667,-6.164896190765408,0.013739357831384654
7.975591936313371,3.807566876831487,-0.7055591008443792
6.378848800986425,-5.6187085669139805,0.689023085041834
-5.505344522491356,-9.965937587286046,-0.23447760613302138
9.049800906846876,1.4123959202579002,-0.8610947337714155
4.856697174198196,9.181620346410128,0.9951183729210816
1.8203322762442333,0.7098058407753172,0.5740590616957337
-3.890886808005689,2.766506592422573,-0.9020001843349176
-8.568163670831833,2.2449591472821595,-0.040008535178290096
9.339062201249362,6.160403168425617,0.20699056329846435
1.900583716304027,-4.840666354010885,-0.20014901983383834
-1.4047373402413044,3.478411110371617,0.8761994109241993
-4.169415199410654,2.3369794196857754,-0.9659672081252215
2.911064395087891,0.5620818266348984,-0.32551237799019117
-8.217169045867777,0.85243214397277,-0.8826880555578405
3.4357650466348844,-9.174558921215947,0.5178975919441804
-4.838219352594322,9.350880816315488,-0.9801206755390982
0.8189188112884302,2.7457538628854934,-0.41057084723062737
-0.25498653477048094,-1.2451275641080954,-0.9975030511464497
9.203474731967859,-2.9285237521962095,-0.00823423435466059
-4.7254726003717415,6.338858399121769,0.9990932055184792
-4.570331471368551,7.8926422718064515,-0.17973607144620163
-5.383268679015462,6.058259670532237,0.6248902837168714
2.1570386825461014,5.332014373039463,0.934149252675833
9.59204956726014,-0.22029306835167972,0.05299662236398457
-4.919948738271721,-5.98776087553621,0.9961423823097668
5.56400373150808,-1.7569327808257498,-0.6174354421424078
-9.618947656552365,3.7782013861283303,0.4281449185042352
-0.1993688631245476,9.85733907184676,-0.2310845412169752
0.3714677184761008,9.634679764047782,-0.5491689762956807
1.6965572521514858,1.616625740602533,-0.1707495485146167
4.701339786993472,-4.024010952321309,0.6267137579454107
-0.3775834864958014,7.12877740810351,0.45110993234070945
5.334762668472877,-8.6458764908264,0.16871040091763193
1.2602216550333125,9.515339172193116,-0.9758945117977436
9.149350558838208,-0.424328485634323,0.6440309605564456
-7.53171406519148,7.582706470189763,0.05097030924700399
4.9576245200656075,-6.096401627870666,-0.9081221437687678
-8.022833823514851,-7.594662007764512,-0.09034408419056024
-0.34123769761803757,-0.6822082989222622,-0.8539064762968338
-0.1338209549504441,8.98095384060246,0.5460526123252619
5.6108925694909,-4.935721662733094,0.6250307356945148
-4.955670631360192,-7.0913204877553255,0.49634155629373394
-6.886993020342537,-7.887301001760228,-0.8038081395728945
8.065675888084868,-9.838746423363727,-0.9796122282901605
3.9688196729814393,1.4307760281590163,-0.7730210299978003
-5.362853365494779,-8.15493755281523,-0.8142408508652179
-0.5051677180523804,-8.640636585467767,-0.27536913090142134
-7.0447959727666145,8.79914734264917,0.9832010192165062
-4.21400887067265,-9.268212866837452,-0.7930813066178016
8.899186940323823,6.167057326737002,0.598573361658204
-5.185838965874467,4.030824365522356,-0.9148008566846325
8.310491962954728,0.38845740094048153,0.6637554192283804
8.77359633943675,-0.4899498636060926,0.9091054162641197
0.37233066092609235,-5.806243052425955,0.7508003432027643
-1.1919876318686065,-0.19720851274145446,-0.9835559533699654
1.9720152883153688,9.792968509903226,-0.7183216048689135
1.0945817148257504,7.898600307806774,0.41832092402968774
-6.8659116456114475,-0.8391814146490475,-0.9889365566716463
-2.668171109023916,5.150310793885694,0.6126846098042067
2.5981783969058156,4.369884751926946,0.6325784050454969
5.102052452833732,-7.713709051576242,-0.5054781678414371
-1.7464976837944093,-4.480777547548552,0.05588095183044572
6.293390737525819,0.7052106807521596,0.6559315626064941
-5.86418437597203,5.8379641271173455,-0.02621724454810872
6.680337366519346,-4.667727477323851,0.9039777079770466
8.942081467473344,-0.9903776264564712,0.9952289837255438
1.5672625075008924,-1.219349974119428,0.34093615260791327
7.401761188683771,6.886903904144376,0.9885460874038673
-7.763787534404933,-8.986041971261706,0.8633474522235255
6.96399000812783,-5.420608201340052,0.9996242455806451
9.860147212274036,6.308566457522836,-0.4446203813581442
-0.8760346973045259,6.954609448643907,-0.20318585489472687
3.9557115596298615,5.356232682748761,0.11259444798465892
8.498928876897182,0.26907738434577766,0.6105633291824327
-2.7732112228690617,-2.7977339757563584,0.6535309470479133
-9.792957735830026,9.728314361903315,-0.06459836174589353
-0.3505960511262529,8.742814453162644,0.8586138885929242
-8.586658681484849,9.152809425240392,0.5363873663528534
2.9421733846450024,8.017236442391209,-0.999346137165885
2.4189191202269313,2.186719639536406,-0.9943076039736667
6.711940731482905,0.39544286748089874,0.7340035415504741
-2.579616646418991,-6.640915029406514,-0.2028291691478856
1.0875219825422846,2.3825042875662916,-0.32256076637243397
-4.608931436197441,2.324133273407064,-0.755747278647453
5.611873205448454,-3.352077974202757,0.7718828629623146
2.7050113446713695,3.2933183327329587,-0.28101890179725625
-1.479724877863159,4.199396957390128,0.40951335488395885
-3.153379487559395,-2.4600528936016985,0.6207923061445333
7.258379358559971,-6.411754698225266,0.7490484624455884
-2.944515447014581,-5.183963827587448,-0.9625614903301558
8.509607413508157,3.9450846158108774,-0.11144658523199319
-5.379270512113557,2.7274785817536795,-0.47045005038555215
1.0908023898249368,4.655417439043063,-0.5115308928886099
-9.663418749458643,-7.424922816679068,0.9819252008973479
-6.744930178652659,3.8991295946367828,-0.29149761270825375
-0.518595466433176,0.5192408293602924,0.0006453628823181439
-6.346243246832486,-8.091837001586754,-0.9550661899739177
-9.010623124484635,3.909098407677007,0.9252372973849216
9.118431967872148,5.0187878461131845,0.9999999986022319
9.131249911949993,4.699058630168366,0.9532872412168666
0.5286562524202054,2.0227834070622634,0.5564881454283003
-5.14849965959727,0.34945915776042824,0.9962481053840206
-2.5228987693499647,-8.079685296624657,0.9237680789449614
-2.191657875863264,-0.3321722496638735,-0.579212677437605
-7.267398867060461,-7.462063437721731,-0.8296614403802615
-2.148098746774444,2.393312685305091,0.24276386898995445
4.160889396917121,3.7258413975901874,0.9994637941684997
-7.235695794798616,4.06822644789203,0.025873805560455845
-4.488017323866028,2.58490366410647,-0.945288888471067
6.761944242143379,7.1845458371629505,0.9818761787977508
-0.09568142864924667,0.7888768613560124,0.6389983929981919
-4.63631350072502,2.569736907016093,-0.8795977905235076
-1.6184124567003693,-9.375656848730092,0.9999988675146022
-6.023309341522211,-7.0218592714497134,-0.4607126730796246
6.02656821668478,-0.2637418422957438,-0.49719159458968704
9.984323673931883,-4.947708586227414,-0.9478975533435771
-2.2778884256013967,-9.261907484184285,0.8555305568126403
-8.035196401082768,-2.0076622148922922,0.5794719778845435
3.7555182593269762,-2.941370692976463,0.7271406769742687
0.26923960653128987,5.885803709481124,-0.12779158916166927
9.996349540189456,-9.212363787869062,0.7061073507628725
-4.694507212412194,7.772906141125304,0.06315167314372629
1.8837350765156238,2.5982062186011348,-0.9735642352579482
2.36032670321179,2.36439242201147,-0.9999239847272031
4.183350940090953,-3.8682433769215088,0.30991874010715537
6.7607177834094685,8.87152448874064,0.07564865668343916
-7.068206812389633,7.131727636157002,0.06347811574147959
-6.002005529959572,-1.0428624728188431,-0.6901401475720482
-8.60312309586941,6.769970943337697,-0.9657816600243058
3.8116488118905494,1.0269784302668654,-0.9920425266480214
3.326422701156801,-9.091360970319386,0.49535812116749056
4.0578210220573965,1.4182962419845992,-0.7222624844859866
-0.9665699678532569,-6.073790310257184,-0.6868710159669309
3.1957494455639335,2.321337726588524,-0.6933287560735135
4.536203843335656,3.84398270780445,0.8647193934665549
-6.599245715156165,-4.800256063034247,0.9195244572879071
-4.369670525413728,9.119062385176008,-0.9993154715696714
-0.012532399476590683,-3.501177189305306,0.36358829678525517
-9.99185219421043,8.451755555026914,-0.9995288015995877
-0.2109042807274939,0.5472470674169116,0.33003701468806346
-7.333036507377582,-9.732010682315604,0.9772502893372497
3.371127500504791,-9.881376776463714,-0.22511783009383285
-4.276013579280686,-3.0106044999074157,-0.8433207578868881
5.286727782227935,-5.059529274764344,0.225248913340345
-4.7195324886039955,-8.810609106808329,-0.8213484716090499
9.876138097904068,-9.214165188851482,0.614674240548858
4.406169118632313,-0.9921657532202843,-0.26905403327353766
-6.462572059962206,3.404669820308712,-0.08359275234323067
-1.9730459507545426,4.0145374726967376,0.8912532284270004
-1.2550477467249763,5.7135923343815875,-0.9679541461298847
0.4004861011985916,-1.6739814604211674,-0.9561306270739343
6.977547809675059,-1.4593876852374592,-0.6925551647295872
-9.07669060505794,1.521731368818358,-0.9556249337925423
6.339255020488089,4.394055248768893,-0.965805466806191
8.505210380250169,-8.102788693843625,0.3916477191332114
1.2943777868046915,-2.0301752728150717,-0.6711785419817856
2.453088779030537,-8.91295868268314,-0.17576675661565352
-2.5624103021297664,6.803542791323451,-0.8909985369263648
9.793552606092156,-1.118799903144449,0.6816572406728738
9.86323075365118,9.498741775980022,0.490284900794316
-4.396084326452833,-7.969644012013166,0.1992987629110677
7.8860629333992875,5.407078051872396,0.6644595243721809
4.418088757004284,-8.95321026286458,0.9843292220212675
5.892601180654147,-7.7221735240675855,-0.9667039164877692
6.550758565683125,-0.26985846495225374,-0.0022852044597598976
7.1487484161373445,2.8803177830130338,-0.5681765068149504
-9.031799245975517,-9.256679507870828,0.532098525412163
-0.046734434016538984,5.417997299154315,-0.79068217067802
-3.002146678655219,-4.639352641867319,-0.9775104391889378
-0.8169376601159364,-2.8020485072170196,0.459465669473165
-9.40873098835543,-3.7181431963243803,-0.5316127830808545
-7.697975249554819,2.3737473148562174,0.8185931554290262
-2.0309745572470987,-3.6055088562461535,0.6025575500376044
9.2207779803689,6.507624645470834,-0.020437934771095158
-0.22665907171043997,6.7406924013312235,0.2288031324153194
9.923256166091008,6.253541057620993,-0.4518463696648834
-0.1760448301055071,-6.697602794991834,-0.5567451222059328
0.9256219623553079,0.4044953350073257,0.9711763438522438
-2.297957259457803,-4.3496395183146355,-0.3563994733875848
-5.682130206031275,-8.7683551401804,-0.9513160201671985
-0.4119874396664329,-1.7992583221224265,-0.8018272763553579
8.167549600531622,9.47967319375195,-0.932881975185103
0.5364157577661928,1.9715458657995413,0.5920748398884901
0.9786984159498573,-2.8007570086496187,-0.9685993603197295
-6.989576748105687,-0.8332668949283075,-0.9995152519286071
-5.387217179182496,0.9372434532645642,0.96576624509248
-4.531017509210876,5.707540908169932,0.923276103697449
-4.627179201530076,-5.491747646865509,0.6397315076556174
-8.561713711468165,2.3737729857421357,0.09510064440450036
3.1329300888947316,-8.932013544643741,0.4654136019772176
9.136730079538026,-9.618745843319246,-0.46356620839592155
-3.8027947769506767,-2.0402297729180816,0.42608490500596147
-6.419216468750054,-5.687931184525571,0.44325170534823377
-0.08898067934165255,5.882423332060654,-0.470398808164216
-7.006482451515311,-2.049202283865732,-0.3607698726467008
-9.611868548126402,8.008536812514599,-0.9994707702738312
-0.07530204089407277,-6.313442122966681,-0.10536293124628662
-8.43556650890314,-6.701561137824875,-0.5403353705703937
-3.1979104724404337,-3.303423359132726,-0.2164223997500494
8.90228504318786,3.4859852599259895,-0.17716025470800056
6.506464361451464,-6.279228222869126,0.225285577226908
3.9883994504575853,-7.7801144996997635,0.6052838383986162
-9.1487540195731,-7.844576907814979,0.9595410414682377
-1.2962245939317754,-3.4975751875156256,0.9966879706080641
7.125346493887484,6.056970400254812,0.5777311600528271
-4.0850954462560125,-0.5323505434172695,0.995496298877242
0.6536908334560607,-8.592835546539156,-0.9963758162145273
8.20823726770611,-5.427900796707661,0.353449612319691
2.2206956778021834,6.271303478982809,0.8032781072447506
-2.2639526032459756,-9.204053652990915,0.8904642474463638
-9.579519410555001,1.7857611084521885,-0.9981871231678292
7.681412723178298,-1.966562798767729,-0.5382298588644729
6.538784529826756,8.813541022734896,0.3481882461098547
3.2231547632307382,9.67557693381805,0.3262758072976858
1.5908588350641395,-7.8364479305896815,0.03758735539494229
5.009774018407327,-4.561030818338661,0.4338335090287431
7.290700524999366,-8.426639418235919,-0.9069301120643797
-0.4634531202562542,0.6964209694696137,0.23086621031057128
3.753563141432487,-0.8806808501424435,0.26548829994178547
-5.006527074590899,-0.5628039748698512,0.6547518443109831
-4.286032789613635,8.592670594571096,-0.9188061606745265
-5.724819199205037,5.021903316066485,-0.6464451358268585
-5.812927324489792,0.0002552988823367741,0.45334385127335175
-9.8189604370991,-4.378971953068124,-0.998154348121183
5.122763996416495,4.620265960354956,-0.3129068135735531
7.3322148191592476,2.7391369852528484,-0.6024553515036943
-5.4555884802157095,3.614630108207578,-0.9637276611598832
-8.443191893741435,9.682218145862855,0.9454672814175437
0.10351193543018056,-9.255849008862956,-0.2690830959458452
-5.610254377971696,-9.588918486540944,-0.4871212212510808
-3.2170487971586468,7.630614678759592,-0.9556836255194405
2.715859103639005,-2.642205448403061,0.07358707982385863
8.448901386414171,0.4090952212447476,0.5369194762503474
6.980753223154103,7.042014335606524,0.9934635240120541
-8.237181230887,7.520644844787768,-0.656776757213673
-2.405296236853644,0.35357060114424854,-0.8865654043256329
3.821121815409157,-1.013894845733553,0.3281700491218008
-0.6464898668225487,-4.907193765491037,0.666498213083986
-9.375393198580326,5.469965255599469,0.691696327337801
-4.423812471685999,9.49013154243719,-0.9380178423636533
-0.04881062264897906,2.8920738652513407,0.2939238203828633
2.9580003201581633,7.5060936914928575,-0.8620577966612272
6.649154382806046,-6.638438004097267,0.010716173597087817
-0.3986868845531859,2.8037393613364827,0.6717289103422328
2.8416173884099294,0.7424450945809866,-0.4281727459257841
-9.623885478103695,-9.406792353500535,-0.18013324466540404
9.662388046430436,-0.7789500724107334,0.515284847995182
8.156842335435165,6.839730859544083,0.652887319257088
7.683652852492109,4.145661010008588,-0.6721114979750678
5.724375676548156,-0.9183737340547538,-0.995621505600789
-2.820886322124572,-7.818612691967907,0.9372721921330862
9.580972354263025,0.8927612658955333,-0.8669031190100294
8.112538138127398,8.159712359384358,-0.5348136822693962
-1.3470354135174922,-7.7204306646332235,-0.3497571630244302
-0.04085926972307874,8.016758609910113,0.9925772375764135
4.073143749307519,-3.828750734535461,0.24196742111675598
-1.2005130710223213,6.225604750657077,-0.9515056109437229
4.307151526901194,-6.554432497138599,-0.7797783413659851
-5.219886844483064,-1.1326914775312176,-0.06933733583136854
6.413506185986606,-9.516860138808134,-0.038229382689396775
-6.54007644301074,-0.2789770611275344,-0.5105877297920598
9.968082094855497,0.09090390553209815,-0.5925397435135301
-1.0033148790573456,-0.7637191016107252,-0.9808071023303228
-2.816779435858887,-3.4024305006469007,0.06393173935835765
6.39574744280069,1.9030376847816868,0.9026952356935513
-3.5346023825875115,-8.687087345136785,0.33789635027852344
4.9854489069935255,-1.425824182732491,-0.4059627701379386
1.7068436303293346,-7.830151389365419,0.15919731760646844
-1.6012692735083824,-3.6729194921359607,0.8462977182149578
-0.8087110005073015,-3.2451114874133395,0.790870327129368
8.807625148366661,5.470625981069915,0.9900641232507892
1.2833013321225195,-2.7048244555643777,-0.9888794279091644
4.386320178476964,8.90893665842416,0.6660392630977217
4.5151240698123445,2.18687838548648,0.4066801190844196
1.5522025804102633,-1.93347158030463,-0.3720986457632972
-9.467165143996858,-5.534864022232284,-0.6487449693728375
-9.264994036726453,-3.250173753008063,0.05118045423348421
0.6442746263430692,-6.413085948711512,0.49198993609781105
-4.661599411181562,-4.436914340987286,-0.32050655857316424
6.052018918770152,0.2965404177068933,0.06532747372132146
-1.3782591511928821,0.5363298212397112,-0.7459294892971271
-4.508602425154706,9.617454913230134,-0.922432406358259
2.03658434213569,9.784856533723918,-0.67792016040332
6.852016254719267,-3.1060389411126295,-0.5682558501849672
3.2667893143504187,9.359441931255652,0.05982488793293882
3.049340437679014,-6.395275890723045,0.20292367657613128
6.770732526145963,-1.416173795452007,-0.8007981058483652
1.7157265256894263,9.128054399344549,-0.9885014913151067
-9.41849027968809,-6.839173209601551,0.5224316367899916
-7.921718062253035,2.050401609525487,0.4003225962248493
7.255861190443952,5.755651520666461,0.4305861339978723
5.650224272437967,5.171095360946502,-0.9848560361378641
4.376698992488549,-5.053011975775842,-0.6259218329742791
2.367305448179245,-3.5937629792971464,-0.9412988639803159
8.275339083329783,-3.9725936101551262,-0.9172628658879187
0.8244959508103413,-5.26539659555468,0.9633728431638581
8.801227429413586,0.36377219808423433,0.2568663290730854
6.495436729907198,-9.738863020272198,0.10165772402228507
3.473215774529436,-5.772070986017354,-0.7464674685066794
-6.72952074062168,4.325624122392824,-0.6725847180423776
-8.985618560308271,1.5021883552342175,-0.9321277986679426
-4.031185951750224,9.595833950302158,-0.6582843072444575
4.43935870960437,-7.58865037307034,0.007698933816917298
-7.151862709408817,-6.954613927954515,-0.9995290895906936
-5.0128254710897835,1.1604496218584046,0.6524275167609241
-0.06453116363211109,-7.968194361286201,-0.9840677972384002
-0.16745120750243458,-9.539570548153971,0.2785113623613711
-3.650642448336683,-1.8383214560663532,0.7133181488387468
7.052340195104293,-5.358175544345173,0.9923997751170791
-7.070771527309915,7.114701695071361,0.04391603928185967
-8.21557253200109,-8.550535078795466,0.8714468019286218
-5.138192303759933,6.752941332966472,0.9990342354655928
6.435696326467621,6.566209553391552,0.4218957572211273
6.993728340793119,2.60263204234149,-0.17074174797271152
3.2251954450418694,-7.566461095534052,0.9319205440292336
-5.759918397099014,-8.6433832196877,-0.9647946976077452
-6.342533432480089,-5.674282658257923,0.522307397542831
6.6429716446088705,5.437313713570759,-0.46716818366997415
9.165074742063432,-4.762219286764861,-0.9524757684683756
-3.854111588133687,0.5914763871747226,0.12074719207492572
2.3267926703822326,2.6680713630054953,-0.9603685004740495
4.6632448444072025,-5.069820831156555,-0.3954667636515592
-7.829744518960339,1.4624603146505208,-0.08399979886094301
-0.7636281721088451,1.683355509856451,0.7954364061755733
-2.176420844963893,3.171541011714382,0.8388243912562884
5.344977002965649,0.2772925140240865,-0.6138400619061225
3.926483715250704,3.264632801469162,0.7882323397488754
-0.5712068203283636,-0.6838334643667352,-0.9505618729034802
7.681919281018288,5.853806280006225,0.8245208934011701
-7.362221933695842,-7.0853919239331375,-0.9521971390529568
-2.6129322339579417,-6.615732991886496,-0.19485806078327103
4.80344036058964,3.973931614098987,0.6031193194768936
9.562764234875125,9.665871962816503,0.37006619764276094
-7.232712925663467,3.527900904488483,0.5339110661584806
-0.9013033521573277,2.361424120312485,0.9938817094721786
0.7090374442895353,5.676507351126013,0.10218083719578007
7.618926540598267,-6.990985843877127,0.5874795362195887
-5.867840552067673,-0.25224184200203226,0.16238071521589875
-6.063858986124529,-6.399458859732135,0.10287046411129752
-5.490109662582338,-1.2281327075588813,-0.42146214937095505
7.821065053228935,4.667812893928421,-0.07741513177599
-5.851608024736876,9.713561696074294,-0.6596560442065036
-8.865855256060769,-7.009693790183068,0.16680243820528978
-4.726369309837612,2.464055545198626,-0.7702792218161606
-7.304656708685457,1.092664198353667,0.07113267298791141
-6.7723877653465365,5.7984896758660724,-0.8270830288103829
-2.3444340428086434,5.678972768788938,-0.19175112677104003
4.010147870233801,3.005923535012215,0.6690175010557288
1.351511530337362,-3.9282914034039393,-0.5352576831927727
7.292394879927031,-8.874358413256967,-0.9999376473970871
4.8173549496764565,-3.9275614913011268,0.7769417311704688
5.332359471454694,-5.1231304224692344,0.20770582404415483
4.882211468715589,-6.697500345325395,-0.9702602853113236
-8.864693616827786,7.940687652525497,-0.7980221236670525
2.8336892397289546,1.460637410566008,-0.9138773308531776
-0.3778495039403822,9.813663021468557,-0.011035332768680458
-9.491033747246505,1.2925351436163446,-0.9412387020725539
1.3873011399737862,4.012610735535382,-0.7728204165418259
4.402404785564194,6.189813855624919,-0.919749060470991
5.543094531705137,3.9987081452559394,-0.11675779432342277
7.31131223165108,6.929826341163995,0.9945998172451213
9.22390431213583,2.520086497572315,-0.7327673109862153
9.692171214804844,-7.595537126408679,0.8649037410012793
1.6666718151722115,7.203131605020808,0.5269216620571658
2.9564535237363003,-0.41458635147743195,0.5644158820874664
-5.350340780791335,9.20829518023855,-0.6566450535999722
-3.82601559044204,6.151313558263865,0.7286129724883552
-7.538394167290427,9.359788619384403,0.9687642698362647
2.6415204610908702,8.744482993169733,-0.9247458104794732
2.425414414182029,1.8299450498346133,-0.8973672828923118
0.7395316462088353,5.095140605845117,-0.433626138545731
-8.283644797962811,9.300852740220044,0.8506434345527303
-1.1095576979156654,-6.929894744530284,-0.9828495381080233
-4.30750248398531,0.26429332863065014,0.7843307193537166
2.574829952613598,9.201775487287016,-0.7101879719762707
-3.462086956548692,8.8780224267269,-0.7625526706906268
-2.853038637333359,2.0645785181103165,-0.7092685927680964
-3.7158784766950177,-1.55538599958561,0.8478518962661095
-7.643681242017806,-6.702357797091722,-0.9782654149142213
6.1791312120806055,-4.812441983115523,0.9792423597641623
9.341368504277092,-2.479035519561098,0.5473108019147503
9.141618343714711,3.801467250990946,0.3678677919551478
-0.20218191849922817,7.87614862552504,0.9838410203132615
5.655229171550346,-8.067106444758593,-0.6666575167414874
9.933558576522806,-3.3768275377651946,0.2701470257292304
4.203902512214384,-4.367844806283323,-0.1632088987620927
-1.3358284363442294,-1.4790192540124814,-0.3209619145622089
0.30887616431495957,-1.6156740130770366,-0.9653543247067722
-3.360762390903872,-5.781115238396012,-0.27914186164755533
-5.891089897154451,8.862969818200447,0.16889921566134458
-4.18785394088518,6.879772321324523,0.43467221124409855
1.7913726561237482,-1.1004859643061415,0.6372207894333444
-5.797000740837763,-2.890643740695893,-0.6721683087795707
5.478089657394868,-2.977340954196407,0.5978721576338974
-8.40163559201125,2.2545367642675416,0.1356668252771564
9.357107798907506,5.692144052997946,0.6120983719154492
4.828549032732795,1.6484568414238545,0.19260932044150045
-4.7317417666367945,1.7433003515585987,-0.1525532388342121
-6.162744484053022,6.23706519042323,0.0742523060252197
-6.86491835775735,-8.782996250600277,-0.060012578438782695
-4.133420572733751,7.422056480075241,-0.1465139383386229
-6.584813671786932,9.728096349958456,-0.0016900237772271196
2.3026700898021204,-0.5256550201165879,0.9788121614357133
9.40793927309636,-2.624550087643822,0.4796044486560695
1.2142454880676894,0.8863680011511264,0.8628994865833414
-6.763570426365813,7.352438933357767,0.5554204633969876
8.100899174827326,-2.740386979288715,-0.7972182005265442
0.17407318410919714,-7.859121065033342,-0.9857645967919975
-4.404124360579651,-0.3008008349779381,0.9999721460873351
0.6247390496421055,8.89900804168807,-0.09880764439656087
-4.873267892144028,1.186517297905084,0.518553143397334
-3.356739272928401,9.464978950414718,-0.1740545974523132
7.873790574466632,7.403712597929683,0.4172889693901379
9.325750699463498,6.4337270994884435,-0.05149174960479133
-8.35407034822705,5.4671334489504915,-0.251912279778992
0.5033371723350655,-0.41835313970564414,0.08488177306842054
-4.42540304883353,5.8349663385445325,0.9870300876880749
6.1363095332922555,2.0865376794309682,0.9327369698374895
-7.364255329004102,-5.710100432244012,-0.4864178051763861
-6.1978905420772605,-9.446339593152501,-0.06368999508291233
-5.263079516502142,-3.8723723401774564,-0.28530640359445836
6.347225222852863,9.495789246316555,-0.13464104618841263
5.81368082210394,-6.289264101936464,-0.4578570758624957
-6.914840024262098,-4.193183019921435,0.9936842978023837
-1.504392782876991,-6.038273436790686,-0.951931467588328
-2.510720668932862,-9.963974514813362,0.09154707196772231
7.903970433360342,-5.8554854451542155,0.888059880567619
9.235095036973853,2.6959211284096725,-0.5934628339263217
-4.057763949490223,-3.5683414766715416,-0.9741483756677272
9.902225509337214,-3.970404850541904,-0.3441794012291153
-5.156809249259581,8.126741850963022,0.17081823705304214
2.6162484012110525,-5.281209969895837,-0.45878835011001357
-5.720045479865583,3.584875171027157,-0.8449236148199724
-7.672911367898937,5.395369311695127,-0.760479100090077
-6.50992820740224,-3.158018118274043,0.24077898133816933
8.485123948744771,-2.537369247934677,-0.3291758084755849
-0.20528992132323154,1.1727543578586328,0.8234497104089823
3.129015011871303,-4.892134468077359,-0.9815628419554414
1.950300733264541,7.747293150571522,-0.2694442802878334
5.665844497799078,4.533449047953532,-0.6993699169859919
-9.802900009059641,4.118747781902343,0.5638441760732422
5.963453908492411,-5.999708128650759,-0.036246278779557974
-7.1131399756994504,5.106732338783765,-0.9066122604233293
1.0714044435612493,-2.3100073683351,-0.9453293117550867
-9.123699103618911,-7.602929166093411,0.8514085702128685
9.852906653609494,-2.6870724710480047,0.7724239069469038
-6.515422489508445,1.4111022643023183,0.9241730985866926
5.598845498436525,-7.911821306373298,-0.7369972081923594
-9.856820712731796,6.101384790737569,0.5760133488503579
-0.8136543123795263,-8.601860131404177,-0.009263384498271963
7.444196534084043,-7.567035993846641,-0.12253076108287675
6.250898945671139,-1.7571883207464083,-0.9761850189149343
-6.0429308934913415,-9.68917586731704,0.024141147354258773
3.9104248183454544,-8.883656919163844,0.9661728848136499
2.858438622610521,-4.072391055931654,-0.9370039756046061
-1.6660163963187635,9.014520940001205,0.8749435550004803
-9.894777313566138,-0.8306454761119362,0.9637304760571564
7.976227218768095,-3.2975421149932913,-0.9994320781147533
2.8180908368745037,6.909472532396208,-0.2981800592027888
-7.970036314620241,2.1572093895435316,0.4532057784063669
9.78042463570685,0.4219048853801546,-0.7015366839936614
-7.912204846510068,1.2933035844139162,-0.32944524075844667
-8.709987933669048,3.614998605669662,0.9276969747815349
9.238060158636728,3.5956933157291644,0.26420820273347045
2.056058776707694,-4.81622764803668,-0.37224230924388213
-2.7993706732554458,4.007525303612326,0.9349629575688603
-2.9130839416874963,6.701441145751616,-0.6026075536980805
5.805661924105351,-9.880824873113276,0.8037492711538918
-8.788979937801805,-9.735038387881602,0.3198181927936998
9.167914639912652,3.188813843333932,-0.20810987966951988
-8.466303292496889,0.503253556998775,-0.9940579685801917
6.722734329136536,-3.016607510918842,-0.5350223186871544
0.26554781912375347,-7.1241509593369585,-0.544185385466403
-7.456036633093088,7.848392138154587,0.3823659863614385
-9.041770922841597,-4.1697541473073585,-0.6013218569278955
-5.118833347345344,-1.0462163583622868,0.11786100934326783
8.85214332926276,-7.166278636481998,0.9933869372222273
-5.576814653874209,-3.7340082626006676,-0.11370857238708885
-5.052317871060627,0.9816763402093613,0.8010509648886049
-7.29686364182151,7.911671978339463,0.5768019660462248
8.97591714743713,9.049815510666093,-0.7337487910709526
0.5285071539024777,7.504610125510624,0.9839980702781443
6.848538659805271,2.558203246683945,0.01803507644356755
6.989676902776452,-2.139299956281654,-0.9904947571636507
0.9935071657487526,6.00720504670506,0.6575233706208011
3.402989183341873,-4.556318446843402,-0.9141188415449748
9.722524388590841,1.3829621083869696,-0.9939657316277933
-1.3441177020171402,-0.9411440364498915,-0.7554436187163325
-0.5883608723498028,-7.912991518541844,-0.7976722272569806
8.421383907034588,6.017660154703059,0.954780079286006
3.4564537641808073,-5.327290488500751,-0.9553245500611234
2.83164192204503,9.106560501340574,-0.5876636182422172
-0.8844306641279189,9.795363843201088,0.49152914252620894
4.883711613446955,-4.816409477362047,0.06725133921689669
7.107131700168807,1.0442775295599134,0.9560935248665797
-4.103299858791047,-7.8494248010829395,0.575852045291829
9.182627205715768,0.15943902565965118,0.0826174533180701
1.2858342586658331,-7.764276197614606,-0.19401829657803238
1.3910292569797136,7.006038125466098,0.8561181060505184
-5.429749143691225,-0.9886521590456923,-0.1348043381513841
-0.6767317013800849,-8.23858951976693,-0.48770304735710496
-5.168933245421023,-1.2197993183145002,-0.10535139568217573
-8.168117688012543,-7.0982972024162905,-0.4273398510537931
-1.3985334012844532,-4.196891789553753,0.6348080855427668
8.022037058147987,4.33866965701047,-0.20421711279975552
2.7873177834516696,5.833288914545797,0.7202559884460092
9.134132985509076,0.2556336630195375,0.03500415991482276
-7.81481233068105,3.2068261970487697,0.9945549713719736
-1.3639866859115983,1.1142453485416937,-0.24715332954553726
2.127094180456396,-1.520391655470533,0.5701615816503348
5.105479840753155,-8.846259721526337,0.5639714766152117
-9.611279934125037,3.9209070071824215,0.5586957407136783
1.1877841323150875,-9.212312098208404,-0.9854921901088002
8.034423867185659,3.065288694915523,-0.9945825085028815
-4.584662262771616,2.0063695862624655,-0.5339792230281118
4.600830876843496,2.980679808085192,0.963108875054514
8.686889843899436,4.258585840736238,0.3700892314034343
-4.269569426851088,-4.4144852597003315,-0.6748218504822553
-8.447939736290753,6.737747340538945,-0.9903000900442234
-8.054580804662052,6.876419417700099,-0.9239040766401224
-4.22956100671016,-8.086757185821316,0.24745475107458506
8.541950404890393,-9.385553854562612,-0.7470434489325278
-7.784402090962324,8.295737334951212,0.4893421382144963
-3.6831626388199687,-5.868777922099667,0.12682016699518606
-2.69987364415039,-0.9069088267244467,0.4485924561490408
0.8221990376908082,5.0207224753563935,-0.42617811842325637
-4.621575042431147,-3.7933328504301826,-0.8467627316938006
5.3081485709499105,5.31377917044378,-0.9310025024489247
-4.045246288652635,4.132628692465367,0.08727124218330658
7.893744340228643,-9.401586016564881,-0.9980190103918516
9.158927872603329,-8.293308703444126,0.7614967356700484
-6.2310145200161955,9.927718561923172,-0.5270379659139334
-5.2958465252505995,1.90803935389361,0.2437343946249636
2.8315463529992826,6.620264861887733,-0.027029961601885713
-9.11129898344177,-9.525433175845205,0.21122079186316858
-8.564464716152877,-8.072380137726299,0.8009508137328678
3.222854778935371,-1.1555095530059916,0.8792318784556895
-2.672181146850736,-1.504787960007576,0.8600544846959262
5.25494241012121,-8.43459013718185,0.03804588898188007
-5.5093234411282594,7.466905293903885,0.9261263850694778
-0.9343702351028185,6.817709489931353,-0.38927654252006233
2.9944965889074524,-9.318717293152247,-0.041023881424552724
-7.892890998188552,-7.373877344200082,-0.4270202716086799
5.971518840452347,-2.863167729480189,0.03323542097090481
0.443741369834882,-9.11082004783696,-0.6872519805479171
-5.08089720505723,3.3832928004500076,-0.9919706239141944
1.1879401175916513,-7.476219802738683,-0.0050943559320078095
2.8440712073840118,1.8701289557887222,-0.9999983598089025
0.46854704774321476,1.527200956831397,0.9110586561460149
-3.6670749274093772,-4.945595343896198,-0.7257388131068759
5.007602197546916,-6.777659093403393,-0.9802132121478959
-0.796379730700373,5.973206546415227,-0.8940735118127484
3.7783029716906498,-3.5152776225727393,0.2600030380056588
-0.7403698989520464,-7.937570730091817,-0.6793212656757283
5.552173823229573,3.546641210243699,0.32022115643145477
-2.526295620955203,-9.405914511805449,0.5925014328983872
1.0843269794558807,-7.0367650334834195,0.3247498709815028
5.946969684665092,8.316679987018865,0.9920117175955305
-1.2125493430501955,2.300350794699739,0.8856079760225201
4.412975638307508,1.1230319108707398,-0.6795710450673869
0.37595350930780924,8.507846962802631,0.5149741464039495
-2.736354983189827,-7.558290682314368,0.7642436228380319
7.124432984670214,-0.5749019144064071,0.2632078164489775
-6.103976745326474,3.036377402270382,-0.0739258099954275
-8.529249114551234,-8.280628131935345,0.8920739003868922
6.04060558289104,-6.807388367554047,-0.6938219667329417
0.5057975443252829,-6.0206549064590895,0.6949338799788745
-8.470101066557913,-6.4782930405829156,-0.6886090934194843
7.6273606807735135,-4.678880070070651,0.19191401480786802
-8.13685488908861,4.16702669372912,0.7367394329332457
-4.016878639727935,-5.436784228001443,0.02888089049902708
8.175819316273419,3.8920643520374725,-0.47809716056554485
6.222503774490605,-6.276066252765592,-0.05353687070074344
4.651745779548243,-9.660021118097909,0.9565440668681257
7.890657247530392,-4.236294392862835,-0.49059304842806745
2.664694389678786,7.264285684065712,-0.48310899603876467
-5.761778156869614,-0.6162986456480866,-0.09474915267365101
-8.121865952093827,1.4500854439452304,-0.3788887290561635
5.6170293194956,1.2647072047047025,0.5634461490379576
-8.760291900101581,8.516359779881071,-0.2415201966511786
-1.268746377898168,5.024017863368464,-0.5758789240242156
-5.426021049313093,6.352347914147593,0.799418613107423
0.014406319939766377,3.9135616198771217,-0.7077973736936974
9.850176812918669,-6.590529399503595,-0.11778073076961973
8.800592556312246,-9.94556965837586,-0.9107006438978773
-8.818721098833361,3.2862954813465493,0.6821944197653248
-1.8764890217509524,1.0252495280273237,-0.7520978727850944
-6.919788368420278,1.0749004991306421,0.42439845257040026
-6.552332743218038,-7.364974606728708,-0.9759280810686798
-1.0957181837090069,-5.409447410637505,-0.22016175111525496
9.629533299389543,-3.4149502530431946,-0.06854846336486574
7.788500306875775,-3.0597446322950006,-0.9998660686502537
5.204941876245705,9.009321544613499,0.9970295381817889
-6.184002660154189,1.9306584683269854,0.8964761529806266
-2.415303403789757,-3.3419440081611462,0.5020243673055699
-6.085889469917927,-0.9739399026058138,-0.7008896840318329
-1.15899164929084,-7.18802828649293,-0.8808988847957963
1.615643878209113,-6.397076170644439,0.9976174572171088
-7.485858585564927,4.821054155861148,-0.458927969592288
-1.2585849053985,8.312311545927848,0.6965237655976283
-4.489342017281022,-5.784832867428271,0.750882248508462
6.616792487078683,9.663882898117187,-0.54191339543756
5.192184095240528,0.3466851639945574,-0.6774688870387562
0.7143597121787906,-4.0862639262653815,0.22828086845114115
0.9663407226212826,-9.102284355459666,-0.960511379428313
2.5369523801481364,3.6905071370047153,-0.05569695303055698
1.6617043043724742,-3.5635961761019352,-0.9456867721722609
1.0500232446779059,-8.076744969050544,-0.6768952226913113
-2.131639501662299,-6.213474112252918,-0.88179955435774
-3.030158947864269,-6.231896151305165,-0.16200569596274705
3.812782728506633,-6.151702341048523,-0.7192158515078404
-5.906096775640883,-3.3594435449108637,-0.15856553801298195
2.0488316815317518,-2.6232690443589917,-0.5433625438457895
0.6555909257150958,-1.8315145116909868,-0.9230455272640146
-5.6937845651781736,9.487517806584258,-0.6068891051978856
-9.816126897331952,-6.769539818881629,0.7692735971240037
-9.844639873214621,-3.8300045729755325,-0.8949297910681426
9.050263187082109,5.443614432341683,0.9370505018513402
-1.5224864012989734,5.626448763923911,-0.8205483424292294
8.138147738832807,-5.162092203176144,0.16478213026018845
2.2197233572838613,9.789135880662052,-0.529076056161129
-8.127912270815521,-7.52851186677475,-0.05151631631191471
-2.9368490591162413,-5.77821722768077,-0.6516150884632655
9.119257321942513,-0.45368657937973467,0.6883465918836533
9.210911886109415,-7.299867122441391,0.9426717859449752
3.2455272894615135,7.3121417666843485,-0.9056419221270152
-7.484330394914416,-2.1239565675669425,0.18248077334060994
6.434933105504108,-3.7511624666206274,0.4419954663863402
-3.9045445625701376,3.1983759771869416,-0.6489233949853142
-8.702492387480056,-3.5265655597707593,0.33095239538794663
1.0698159644670966,-6.648654194196059,0.6475364180839774
-6.016720838230249,8.764739825232645,0.38349129698314455
2.4216080916410405,-7.840929075463066,0.7603581275453741
-2.4929559548681546,-4.513390412701867,-0.6617578769424681
-9.654094417798518,-4.368608676609771,-0.9934561633408776
6.960217614770478,-7.220015278889271,-0.25688501126325924
-2.4387849253369467,3.761550063100337,0.9693976351679809
-4.565459020163516,-2.5982733197743926,-0.7710873061096521
-4.884703682426718,-9.9645592684342,-0.7569939612409928
7.2177992133857956,-3.9114966511999647,-0.1639661725977327
6.859672831155791,-3.5157622646056126,-0.2009405040865174
-9.084627497475655,-0.3715417539620276,0.03138613535731691
2.7450225923313667,2.3072690526131083,-0.9427871211752971
5.154817488383145,-0.39381096883766986,-0.9988184002126665
-1.4069106045452564,4.631894634036954,-0.08329475720854489
-7.443988415217451,0.4091850918496647,-0.68282175168444
7.593907976891998,1.9002362880043222,-0.0693106893843242
0.9614822856913143,3.4747465169747613,-0.9621095072750758
5.582461809715873,1.8253025214088403,0.9020859991651521
3.348922423488766,3.7493799560031107,0.727805889811039
3.629948170454526,5.927710432706739,-0.13248993603634404
-5.197251696155245,9.543090202615765,-0.9335691980108393
9.963867339093454,9.06170929295385,0.17511316744809977
-9.851947041790858,3.9392187373563488,0.3620414703444198
4.08796148798654,8.934231450087573,0.440200826482502
-4.858426462406026,2.5757590918350104,-0.7571409397437113
-0.5115389951796168,-4.490331870811659,0.9583919028530246
-6.946628408228005,-4.37969990443073,0.9457977380384538
-0.6154535895192481,-6.100218955665007,-0.4191303248014299
5.201285047235437,0.6184829409207353,-0.447007606025539
9.925845641611197,4.362540657380542,0.9885881243542106
-8.70020388905569,-6.8821533451014325,-0.12527601576787226
-9.877672684297856,-2.541937188518798,0.14623446898689674
8.638025980326816,3.8764742413008264,-0.051847135986382444
-1.5510714119018196,1.9983597563785906,0.43252223557883135
6.018100577626285,4.859068760173827,-0.9929983198130891
2.7597080471614603,-2.6645509136539935,0.09501359243848718
-5.80793203631444,-4.474532756863972,0.7563313395246908
9.416285107166395,8.81621295825834,-0.5786381016871671
-2.1547430339805302,4.173585242197952,0.9012953568286587
0.3297333288992661,-8.293518467641551,-0.993977649680762
6.891047257634504,-4.383898974787662,0.59273010142622
-7.041681046959116,-1.1375250340141498,-0.9475790346471047
-3.8830443281968385,-7.250000269902582,0.9905658282259752
-0.44999524616134323,6.4600178219766065,-0.269778246010298
1.5457685823381695,-4.877086353013169,0.1885889516582641
-2.9600621179663946,7.803257436169936,-0.9914570424671317
-3.4766686748220863,-4.69444042837376,-0.9501351026935033
6.685423385039002,-1.0961009935107242,-0.6395116838794889
2.2581607654548677,-6.276495271678961,0.7686588593547823
8.397218462364236,-3.154084979254826,-0.8624304604793677
6.811073374752276,-6.960544800469101,-0.14891547265837504
4.888892479420079,-4.949105614942258,-0.06017675710916762
-7.045390845380233,-3.645046038869836,0.953805682286191
5.120748605389842,0.34153010251167615,-0.7317640304236865
1.8337504344515487,5.187641509582491,0.6729624857349498
-4.707303288619158,8.536279799141546,-0.6345173163140522
9.672867137197386,-9.522579591024552,0.14972244363096865
1.944729431253485,-4.626964249790149,-0.44337260196387207
-3.6565228846198714,8.671906752605459,-0.9544471562746154
-3.242057097365656,9.094371321230128,-0.41766242906974693
-7.221422736970258,-1.9038991377804706,-0.2950005420999273
8.613538382490901,1.100554137595239,-0.2852953386452149
-7.12820023789962,2.327419834019821,0.9960960209494595
7.532544764804101,-7.713542374821575,-0.18001097649916445
-7.481955132728114,-1.1141707147020163,-0.7370210450145581
-5.302425076034318,3.8606128474129946,-0.9916930775804746
2.39805032899109,-4.057689077147231,-0.9960561071949597
9.993484392016498,7.355044733660819,-0.9975670934229196
9.937843497803726,2.9871644138975597,0.35099855750139647
6.624196528430872,9.28169416846604,-0.19663764793402358
9.042706428202052,4.205481398624386,0.6302049998603955
9.637410936198691,0.8312609830830624,-0.8643688846697779
-3.148550790635465,-1.1450788667949539,0.9135941364673205
-0.948572020634181,1.881328730022183,0.803264947415774
8.262213152577573,-1.9385459438535833,0.04047084559922139
0.9652638319431048,4.2047613003363935,-0.897099418969663
1.337341092508936,8.329907015592454,-0.24010124670809524
1.013791654685889,6.505956573644156,0.9446620646985371
-2.399622237754709,0.8369377146774184,-0.9999670995006322
-5.624210648062743,-7.126852623590345,-0.18364442655786706
1.793078699050973,6.406925162373469,0.9407292470518898
-9.375426303242882,8.82960168594667,-0.519123066918537
0.4385105838427883,4.680987146845304,-0.918269467056791
-1.7211103204969866,9.682361599104098,0.9942521264674457
-4.59245524439676,-1.2338091454306905,0.4411869871495734
9.92429301291844,4.902810884190615,0.7712861433431711
-9.290910910720946,-6.012054177094512,-0.3940170877264725
-7.315195746292037,-4.980456081629683,0.26742411317437803
-6.1514165408426535,-3.8279111635610406,0.5265605737189847
-1.1118452808677972,-4.0331910182284325,0.9078589759395492