-0.57543830320958, -2.81431661956679, 1.11015948052991, -0.759144106080384
0.777423088335163, -2.23891293641129, -1.44011649183934, -0.237689332357004
0, 1.44486726887751, -0.0646823346916038, 0.981888584654894
-1.87658387323682, -4.33339046935243, 0.201698024851129, 0.271459344976846
0, 0.54436340022104, -2.69577695554857, -0.836124234592284
4.07075084935443, 0.545082972638813, -0.774860840651608, -0.643743612102582
-2.04372651877055, -0.956219653112916, -1.03465723946442, 0.778963229862118
1.44519093048069, 4.2699424458062, 0.441035463214403, -0.1266752130833
2.79056049827047, -6.31007679147184, -0.851434661937614, 0.942274128067167
0, 3.66752991623596, 0, -0.50202382021428
1.84964929234686, -6.40199515987281, 2.95742454144984, -0.999709006318823
-7.80423483057145, -3.63753734558706, -2.88656298252128, -0.981782936810136
0, 6.83849897507508, -0.582360533337277, -0.0270435679502729
1.42861947483784, -3.25084846431895, -2.53926610273275, 0.939065825297995
-4.76182722754862, 5.03166906024873, -3.8400143570453, 0.41557953365406
-3.81241648262945, -1.07391645064294, 0.142331056828765, 0.999500354014613
2.87583487987324, -2.38165238610546, 0, 0.474312112710913
-0.400018564146021, 0, 1.00539721967904, 0.569073480447088
0, -0.361049417574447, -2.12102758983198, -0.612734144317776
1.69309267480536, 0, 1.51455403841778, -0.0660060362728286
-3.70172994849353, 2.78633479810615, -2.37222441768843, 0.145508491293186
-3.6395846622249, 0.635749052574741, 0.422135921857383, -0.531095509602803
1.43275391935965, -1.21530021224883, 2.39344103140451, 0.50613538409787
5.21141692447076, 1.5857910260492, -0.509618412474924, 0.00440421662713645
-0.543788024477562, -0.979276593299246, 4.46742242643024, 0.1959585386676
-5.62908585026352, -1.45675893102622, -4.11813292378473, 0.978362491471543
1.46097750843548, 0.500290036434443, -3.0012177112518, -0.862378999385519
-0.146185212836687, 3.12455735128585, 0, 0.162496755330639
-0.312383923359394, 1.59746995782362, -0.309727679616645, 0.827902932309258
6.06169492288572, 4.19761048452817, 0, -0.740979261705008
0.70827850918671, -1.80616015512783, 2.87790082715354, 0.978192623054689
-5.02842366557029, 0, 7.10018979716124, 0.877117200084037
5.78656153324366, 0.223196861438079, 0.713715697039718, 0.426200725596001
-0.863282487198376, -2.50622427021443, 0, 0.225946062036275
4.14291499841163, 1.29383004796404, -6.94512033413403, -0.998052439436678
-3.94475223680248, 0.423963373724354, -0.0355809303166256, 0.402985977373094
-0.289812058345327, 0.266872589600679, 6.93943015157219, 0.591812369177747
-0.380411651628284, -3.80019933441663, 2.10482769417801, -0.875180780746999
-0.842628662866833, 2.61739007971128, -0.0265024923842878, 0.984294795165121
-2.27175392735365, -2.80341260731379, 0, 0.934914754000969
0, 0.719940081108334, 0.858286014226399, 0.999972399396689
2.65349954629946, -0.739345374861427, -4.03487807793304, -0.852562372989719
2.08764029950259, 1.30122733828669, -7.18733751084066, 0.610646894135722
7.96939365284955, 7.41120191310123, 0, 0.321551643254957
1.30923376852145, -6.13158204272929, 4.54742857233967, -0.271469655135356
-0.6181523462842, 5.65792876885176, -4.7526895202476, 0.283159557728104
-3.96538650429127, -0.593049355127406, -0.62401178694517, 0.891541717643712
-1.52832036536574, 4.21908066571647, -2.30316284638977, 0.37796518339623
-0.989263810212381, 5.58269903323739, 4.89340161434068, -0.0620190496647126
-0.122744324674245, 1.52230626788098, 4.80350417308673, -0.0800335030799071
0.351780004031854, 0.777559297521393, -0.353395464063341, 0.700390060938274
-2.80231990516294, 0, 2.66791405699584, -0.134001541443531
-0.452385455580608, -0.445945718533334, 3.7243466925455, 0.310365157618126
0.867820056559434, 4.49506110255377, 0.942995414576957, 0.0226893192961419
2.55339498936822, 0, 0.0869888975690067, 0.480485980633246
2.34615655166384, -1.22450145204761, 0.485198011847771, 0.999350024563215
0.542897131546818, -1.74507361545464, -4.27638842690568, 0.720567483526441
0.249317393754291, 0.82566321074295, 4.10939396829782, -0.890667283677378
-3.25677138811758, 1.79060190999443, -0.492485619845095, -0.925721009340389
-0.655502750377871, 1.9970100382329, 2.37307941465316, -0.542150318954218
5.46263186794828, -0.183439218058921, -5.45904348672323, -0.178882818194502
-8.20174572952173, 0.367447606459003, -1.5710600868664, -0.0194185302454327
-1.10084027522283, -1.76878420671857, -4.87004559061958, -0.993473544947367
-2.66865085049935, -1.24793802725521, 2.41676215474343, -0.997482714499959
-3.56521577041839, -0.736177660867655, -0.177330557805174, 0.972824322022361
0.651786086453025, 0.834523721521033, -1.54787586002977, -0.0615271663166307
0.379757775170616, -1.00728095230054, -6.87673466460627, -0.939467388049355
5.88686479250289, 5.22623797516629, 6.35950425423659, -0.981270347921626
0.875870713440641, 0, 0.912098825868265, 0.976510438213946
-7.48806012770536, -3.99977101199318, 2.24433697631785, -0.180292481510049
0.693697778831095, -1.02586076270131, 0.920226682871686, 0.554751029680353
-2.1513053766225, -3.7315840640718, 1.87759724998735, 0.760251087890886
1.97082184533161, 0, -4.42011131179524, -0.638311816234946
4.44764375986887, -2.11764394683654, -1.44813279781869, 0.77192710578797
4.23018796938946, -0.0291705811532077, -6.18292498829911, -0.916677292728068
-2.10298573044268, 0.559096345938321, -1.79391848193198, 0.194958573328511
1.82190141725442, -1.62307916564079, 2.09943452202689, 0.746865548473018
2.88212120667199, 1.07815847130407, -2.07732669360811, 0.951673448644506
-5.20412581283791, 0.389022431051835, -0.483901072518854, 0.832818934681804
-4.03916117224803, -0.149338543484611, 7.61546936287334, -0.281519217561193
-0.0878052437155532, 2.38381445053211, 0.00437082164193076, 0.745451954485539
-0.344464743670293, -0.485465737751436, -2.63090652722442, 0.313849185931741
1.29176301010501, -0.320138733983104, 2.87941031664582, -0.651410457490659
0, 3.5054154971174, -0.469909130348782, 0.105887410943864
0, 0.939243513596823, -2.31881445893963, -0.981772073719318
-1.86121524863933, -2.4204442670664, 8.69219587915214, -0.954787364250844
-0.832195842560472, 0.369929554113154, 3.96701958680852, -0.355230506201308
0.719436471685505, 3.44857260512587, -0.457681955982783, -0.538566163622569
-3.85538423799695, -6.67336793182109, -1.70268016108436, 0.328710883508112
0, 0, 1.92911352819256, 0.936488304844332
7.90899378848681, -3.45417308083464, 0.56898489620955, -0.951900461222144
0, 0, 1.82937445111078, 0.966754537707075
1.97581620187304, 0, 1.35925692196901, -0.192275580717681
-0.0964475484082697, 0, 0, -0.0962980900068932
0, 2.99027514550382, -0.924798386602103, 0.880120469764808
-8.47769091952485, 4.76353186590761, -2.37537779816211, 0.192440428712209
4.38121593994145, 5.47001771185082, 0.0111261471226467, -0.423750385897131
-5.62805876863564, -1.79979609036809, -1.50889458018769, -0.46888547450926
0.947977096749459, -2.40880291322656, -1.25889567484096, -0.409468275803334
-4.16569857865837, 2.40264903819312, 0.829022115482493, -0.804021164700776
2.32522462742646, -7.91111859675083, -0.100612467201712, 0.561898318130376
0, -1.77515331738403, 2.66262255639891, 0.775476369352493
3.6273987235629, 0, -7.03043539031895, 0.25847576323055
-6.14460484643681, -3.2477403559013, 0.108827792624397, -0.140791221266813
2.76066717540876, 8.46171007513148, -0.521538273674221, -0.956879064531052
4.11975398944679, -0.859099879329605, 3.56485785383957, 0.516130191975264
-6.98227385058174, 5.03204011406379, 3.73582182253516, 0.977020800658017
-0.203329731804938, 3.50860091322502, -3.75002119399143, -0.430232225533481
3.75745473511399, 0, -1.87441016634666, 0.951645318005195
3.62784357537881, 0.885394258371272, -1.04744359294299, -0.318552067710119
-1.98992665297814, -3.6148173853824, 4.72291106810929, -0.771905462581716
-4.80080247474872, 0, -0.292508631149544, 0.92832220556771
-0.738008072012108, -3.62529432988972, 0.778980436166274, 0.42840722526218
7.69696766123966, 4.63164011604695, -6.40700314306049, -0.353753139372238
-0.0714527182613745, 6.29402388320026, 0.251050723833521, 0.189287601937425
-2.09246707898214, 2.83428507523345, 1.31017171885361, 0.886443209421974
6.22796815970352, 5.58657137657822, -0.949493557656879, -0.991493268463991
-4.19792477935456, -0.542888490735967, 2.94400243598223, -0.974567262430488
0.891895069690372, 4.20256069125727, 0, -0.927896041472884
1.62225059495412, 7.78658796976627, -1.84591797126733, 0.957939929272827
0, -0.377837386158219, 0, -0.368911260604802
5.17446101418438, -1.56221163531868, 6.41947725760726, -0.570363785208017
2.3946350377028, 1.27194938867909, 0, -0.50120588545687
-0.788023651013162, -1.29952336954862, -5.40183048062112, -0.934264992488071
2.93348949352907, -5.42405721611532, 0.295921525124424, -0.81163552052324
0, -3.23749168554204, -1.72428485738313, 0.969063759443797
-7.48462264588318, 0.998154240193849, 0.183835236906929, -0.0194466356998311
-0.539578336542276, 1.20822813045617, 2.80835179323719, -0.329155343444893
6.93056704007581, -1.83660808803356, 2.00045890826753, 0.725136467442928
0.182318214411995, 2.57068371426812, 6.41939021573374, 0.249714900038151
-0.155341736113346, 0.979295703572824, -7.78164266412223, -0.624509532404424
-2.48993147373662, 2.35720861906056, -4.48619415726801, 0.995634675270264
-4.78942451057463, -7.19460588656115, 0.720947727896714, 0.964432496992483
-0.187600800854899, -3.26143920200944, 2.14956211724764, -0.963418389102968
0, -0.0766005218385721, 0.264110797673515, 0.18641339248603
-1.47863962570142, -1.51903576800555, -1.10388235007594, 0.819171546329868
4.80906436955978, -0.825232097332008, 1.25063554069523, -0.866784374664413
5.42030772167272, 4.91457796185956, -0.662356177653352, -0.24522477983594
-4.24376120662492, -0.922823236287955, 1.97705092373167, 0.0479225037405648
1.79423336768254, 1.17471711392268, 1.31035198704822, -0.90767474544319
1.95333180201861, 0, -3.10496832900912, -0.913431218393098
-5.17619106042021, -1.34133170281599, -1.99327410431266, -0.791940855823269
0, -4.61713370895811, 1.79772166618971, -0.316635724108714
4.80412974478869, 2.34752382028267, 5.43916166175118, 0.024442178100899
-2.34656329143167, 3.9488972327434, -2.3156153747419, -0.654318771161169
-6.04910454808227, 0, -0.121844750885779, 0.112000518551168
-0.165850651993347, 0.640735611617908, -3.53963935586607, -0.0767626693120449
7.29414320797387, 0.446913541968406, 0.675970671081902, 0.845633303559263
0, -1.01601200691239, 0.78719629011452, -0.226824267176379
5.37984548666507, 0, 0, -0.785398602724799
-1.80979801798696, 3.88007871242244, -1.62824875285302, 0.427776987020963
1.96898509839968, 2.05630019496023, -0.360250256192056, -0.499864554423459
-7.63327051775217, -5.46849505112902, 1.14265929308844, 0.570623039801899
-0.578244143900575, 3.04107595562985, -4.32833489464984, -0.956887358861214
0.426417453878754, 0.134060722838184, 0.0472141681458867, 0.570974471483273
-2.02746833862153, 0.252628952382425, -2.34650230796379, 0.830357554303998
0.875314929464513, -0.0843140278404178, -6.43133164822652, 0.599482636055767
0.0272806305565315, 0, 1.48950567212398, 0.998541813170254
0, 0, 6.43417516277832, 0.150416799690338
0, 1.67486361492186, -0.0193155310206653, 0.996410719047497
3.92547708187507, -2.56847402945555, -1.42048994331643, -0.0634442512692571
-6.32461925517983, -6.48681289073397, -3.3853636744364, 0.469595490312095
0.347281569311061, 2.33872267247118, 0.619953245213233, -0.163625757912572
1.23136000532255, 0.244928021097988, 5.53067750741294, 0.662221949923268
2.79087371881626, 2.44265845345457, -7.92956921920626, -0.430959310326199
0, 1.99558232165667, 0.287624301988457, 0.756788561764265
-4.21951105083316, -0.477380857093903, 1.41352754198645, 0.141297272626494
-0.305791004237622, 2.10517137595693, 2.56814711660526, -0.941122286504396
4.77328603750713, -0.956134899033296, 0.60919512184765, -0.959367962491864
-6.5275913656352, -1.8907674736766, -2.03090021853843, 0.854444712488206
0.169750077728997, 0.629082491914314, -5.87675022002158, 0.933934922252205
5.27337142185931, 0.0177689665079904, -1.15412396618823, -0.838989634071786
4.03645032459705, 0.943528985578347, 3.51604969590718, 0.800871396363897
8.4705543827594, -0.683200839293749, 2.33193021562506, -0.640005787915506
-1.23690530203139, -3.64108986390805, 1.98702617175273, -0.248008182443901
-1.92637391757517, 6.47808810112909, -6.36472659062814, -0.970808822055267
-8.3831476617526, 3.75852196279844, 0, 0.996151274534473
-8.95135878908977, -1.30799045474641, 3.42953889557605, -0.519807022361178
3.10316976071483, -1.62022552295598, -2.71791319116853, -0.944137971556175
-0.368889024187293, 0.984948613208229, 0.718896129503332, 0.972318268016192
-0.544638756450563, -4.64869834652576, -0.359245366118497, 0.667318733311223
-2.91064026342269, 0.323653463424953, -3.66856506544564, 0.0276299250217509
-1.63850775856455, 2.69511774540651, -0.606708089172239, 0.434877196059272
-0.245784922617387, 0, -8.10647680429112, -0.878405830875774
-1.57356973903886, 4.242032582053, -2.66043630599065, 0.00802645083843644
5.14177997789429, 5.72802804863454, 2.06020598302605, 0.355681729622893
-0.971509217737014, 2.63781607646393, 2.3290509103467, -0.753759986926114
4.08762596272287, 0.652053548792402, -4.69183780657679, 0.0478234567821537
-3.82387215915316, 2.86629591317209, -0.998622078913554, -0.926647383731485
3.17728176488414, -0.571079513323996, -0.780881001046338, 0.967783022295145
-0.825989510317328, 5.48076328517905, -3.05990484452802, 0.999710268871201
-2.24299943365296, 0.760701768454491, -2.25768950407286, 0.563316682871682
6.32619445599904, 0.536120283201393, 0, 0.547295531614546
-1.02928314219661, -2.83675670755876, 0, 0.662721568009433
-0.972716320759019, 6.93276763192041, -0.253337594798458, -0.54506914906492
-0.242771931105653, 5.38189883408225, -0.132075291188469, -0.956900174363907
-3.81921722545252, -0.954790017080861, 4.08862193119182, -0.632971356986122
-0.172223772002488, -2.10231821150627, 0, -0.762423809281175
-7.07432019062076, 5.39335455856908, 4.21780341966907, 0.568560435920368
5.25836917909718, -4.34321851206162, -4.09534375699952, 0.0385908513538476
3.99951203167416, 5.75930058572409, 5.32058315180269, 0.587986653440817
4.49032811144848, -4.97168115804516, -0.402265200578731, -0.773039199056121
-0.0941898040912067, -2.70897962884464, 3.04451967545064, 0.239013951174173
4.17562298112345, 0, 1.63627056015482, -0.454037604715789
-0.708749296473688, -4.78321108072214, -3.08569905119282, -0.749375568823559
-6.04058684084592, 0, -1.62376306560997, -0.982073720057611
2.94550414520572, -2.57171114095101, -2.07716077430042, -0.991225268980382
3.25159533240441, -1.33257320678447, 3.96485213747474, -0.388783679518171
-6.65637828347105, -5.98466247971387, 6.07869828635766, -0.27554554380992
-7.24797456676512, -2.30260263770009, 0.248185399569657, -0.12208086039396
0, 6.46742092746655, 0.453505514400781, 0.595382093032592
3.91886071298218, -1.05320092572514, 2.78485676589648, -0.591299084032173
3.16259422486769, -6.92149775145645, 7.8567947278995, -0.817063104526307
-2.55527001924593, -0.931140281227948, 5.13094086252662, 0.997282862640384
0.639386007860017, -3.75138621951984, -2.96744073786188, 0.202337649324338
-2.8166400617066, -0.594572858230478, -2.75818737817844, 0.113539638337184
0.433032920785729, 1.48111347923107, -2.89855612949401, -0.832945606480998
4.46369912310676, -0.905827846799897, 0.975984725624316, -0.984105274245086
2.21736117462505, 6.52292120760443, 1.29986330089153, -0.577258829123179
-1.64111303474806, 0, 0, -0.99752879876849
-1.80885955961834, -3.46795253896525, -4.5252490972752, 0.368396140174716
2.01161205024068, 1.11207173816491, 0.632200639989321, -0.576379918103877
-1.48926530102699, 0.705571147010462, 4.29477598950955, -0.361139135126336
2.64553288400431, -5.25526276196133, -7.22805762627537, 0.401367633623862
1.14274923789443, 5.69499872517539, -4.08984149530988, 0.383595211081714
3.31943806136001, 7.89985444019542, 2.91723023677116, 0.999999792501366
0.883438683526329, -2.25075198721641, 1.11515674885137, -0.249492895102096
0.217778281410122, 2.84559643121697, 8.75962763221917, -0.676771443082164
2.1765708095285, -3.85795416024418, -0.679672120921161, -0.703661207634052
-2.60799098369106, -0.612553276406859, 1.0312269223068, -0.814736910820334
-4.99903521127954, -1.49276383057831, -5.21595062837747, 0.756942094825648
-4.7418561972407, -0.904777501199757, -0.234953396131728, 0.390889895632459
-0.582622088763221, 2.75727576797701, 4.07182039137549, -0.0367029910992459
-1.0668302071592, -4.72928444749177, 1.81783697605964, 0.742426409983296
-0.418594745182709, 1.22441648422946, -1.91419094983218, -0.89497234575265
-8.020542544788, 3.49053083802132, -0.45946530786318, 0.961856100704916
-3.63264805713326, 0.754629948993507, 1.98915636445822, -0.776354812067675
0.233284553155901, 5.90622905171766, 0, -0.143177944214702
3.11943053785685, 0, -0.0861451612255281, 0.108095651976908
0, 0.909177584996995, 0, 0.788998719037539
0, -1.6322198368759, -5.05853073907016, -0.396375206017552
3.6888379378658, -2.08779061124092, 2.91948299245885, -0.981651514373799
-0.32292854894089, 0, 2.25696097466022, 0.934751930891422
2.35041884256081, 0.544270524077243, 1.62971815077109, -0.982383452946916
2.9013612088288, 2.79606619886871, 6.32235727381071, -0.519773612440161
2.05979410282327, 0, -7.22380717062569, 0.899739493075767
0.964144635928862, 1.13698262774245, 3.33861555687087, -0.74693643501943
-0.271961909845454, 0, 0.244226904699685, -0.0277314495138327
0, -2.18087230212096, -4.94798968636803, -0.748420075446967
-7.4818600073838, 3.73178405022797, 2.7241984134187, -0.855169392292298
-3.97884191664813, -5.90843934235556, 1.56109428338757, -0.890567351936385
-4.18105729864028, -0.0874765511078185, 0.448876450047305, 0.627287046849982
3.41850804417325, -2.46356871466319, 0.76555101981645, 0.988816756351316
-0.83701702432568, 0.391490092683346, 0.3531681459179, -0.0922275360722049
2.22956755022964, -1.75119796523414, 0.834994821732396, 0.967046994129421
-0.460865551820428, 0.257453407280824, -2.83059236166561, -0.107380708255033
0.882536607274104, -0.18876330470143, 0.0529889660202847, 0.67926617935747
1.49520747014098, 0.524036827741208, -1.4288196956873, 0.556713791986014
-0.844027060477076, -2.75937918981508, 7.77103881899781, -0.855253546001902
-3.79552140263632, -4.28529873689883, -1.22904056228187, -0.114664493475796
-2.97550011518202, -1.57212226166023, -2.02678250708933, -0.287120664110458
0.243774443978339, 6.07816954659213, -1.35500358434161, -0.967776349100014
-0.281636150219308, 0.228758076778035, -0.692144137198173, -0.677988137060848
-2.34854702853996, 6.99588408646913, -0.581253819903943, -0.798314075680699
3.73857037897155, -0.300887655606907, -3.80221567386864, -0.356512973529311
0, -1.14331392950533, 0.584327525265667, -0.530327151015431
7.9674312770215, 4.21023831805691, -1.71772676600037, -0.859946514333497
3.62464330793575, -0.748497037565567, 0, 0.262340043139231
-4.20107385478964, 6.08563322903851, -7.81351694083471, 0.346866155338266
-1.84338046137401, 8.36950800445373, -0.431983960993581, -0.18791777839019
3.33179563765032, 2.39542520344044, -0.760026611741645, -0.967712402392064
6.51373084099671, 3.12086943682324, 1.36472313542139, -0.999992972036561
0.905186046336398, -1.18662382810685, -2.01774048154137, -0.746252463797092
-0.0467387885072915, -1.14484314301277, 0, -0.928955745845783
-2.13981862512409, 2.85522404539176, 1.48405925998653, 0.808811324228745
0, -3.36270830750592, 1.64040854789336, -0.988545290363624
6.87032067629989, 0, 4.1170765637034, -0.999966568132876
3.55448655018326, 0.269668560600685, 3.02179118200289, 0.533523429490079
0.99518711445629, -2.74492917011721, -3.34915267459543, 0.926231884108098
-0.292268811861178, -3.99001196678263, -2.43422166557714, -0.419883667361669
-3.71583768898427, -0.211256330931213, 0, 0.707179752911176
-4.30800891402551, 0, 0, 0.919346486021132
-0.139505627630048, -5.2155265702007, 0.863183362345762, 0.975779431356251
-3.96922458613721, 0, 3.1003632504029, -0.763594200739557
5.02434488759578, -2.20144213140078, 0.270215806211445, 0.0484551098484376
0.306722406440751, 4.10580044337818, -5.48022016579296, -0.876092605246383
-8.54081835576371, -3.57886435071885, -3.70999611621257, 0.121415247856587
-3.90363147664053, -5.45219338566633, 0.6428752516596, -0.653219231782033
-2.86480891837962, -1.52426168393542, -4.29139973795572, -0.677462688194818
-2.6704889697351, 0.597192589471672, -2.31578216809583, 0.948188867456236
6.6503369587708, -1.8553527546373, 0.229331700238088, -0.951743977421617
-3.84721237041392, 0, 0, 0.648505688559123
0.919573499783675, -0.174443381919732, -1.22511273120768, -0.461763753595858
0, -1.23587608255254, -3.55376422011934, 0.997017600233969
0.991350007705088, 0, 0, 0.836765952077755
-0.677011602873454, -0.359634639862755, -7.92407951127928, -0.44757544211758
1.41045857938494, 0.65480159160439, -7.93996439126319, 0.397215841878156
-0.396334739120833, -5.72636546833737, 0, 0.159797091530051
-4.89500774298562, 0.846282545871233, 0, 0.787740607109354
6.62663834990311, 0, 1.5333187559309, 0.953553571257876
-2.19253873275245, -1.19151252936177, 0.837032469844926, -0.560155797509138
-4.05448952133511, -2.90817308188797, 0, -0.628386497801176
-4.58419486721242, 5.65425042745389, 0.765676913208178, 0.965109222696778
0.471221111002947, -5.71555665308403, 0, 0.861821384666298
-2.52654105915061, -3.80117419026847, -5.82066615150341, 0.405923602983517
1.28654462112419, 1.14896006004371, 3.25941047503586, -0.554922789285844
-6.31992247994986, 0, 0.107406565503872, 0.0706105850084052
-0.360079812053628, -1.11515102680547, -0.659049854455073, -0.845399124178534
0, 6.74765734083376, -2.59264763192863, -0.848644294673711
0.382973868578195, 3.58068822584147, -0.934681767101717, 0.112374460934701
-5.20891092215148, -4.08148856744239, 0.656941681009224, -0.711281836076491
-5.46914503698663, -6.86408832243834, 0, 0.231031036307892
2.74013998440473, 0.839993340820071, 5.98070250078137, -0.135638475574636
-0.63534314447797, -3.91935159821033, -5.4723454823123, 0.566508154168645
-3.95010863475041, 5.88884072652498, -0.245787764548225, 0.99254920381679
-0.61746752104604, -1.66144339212284, 2.15115071095114, -0.127412921178818
-0.0199525831360149, -6.8360151801426, -1.84643381733747, -0.661169384671858
0.847004129945768, -0.25165943161196, 2.0063538504794, 0.514045161518135
0.94110379272192, 4.97701890253323, -2.19829010507012, -0.54655086141201
1.22623368782282, -1.5149750083289, -0.423025715361827, -0.653172805312147
0.317870266883574, 1.51659702580264, 1.36633297212717, -0.059173024832662
3.73051909531025, 0, -1.72519979333747, 0.90707096233311
1.96245981192331, 6.48096075490162, -4.74062774923659, -0.532202660200031
2.02705684445196, 3.42695547660205, 0.0103167146492362, -0.730365075831452
-0.994711675678711, 0, -0.446528175588012, -0.991619292100509
-0.539597784885949, 3.30421051630015, 0.875275858619844, -0.477929386781499
-1.35798189898859, 0, 1.50101782078902, 0.142548685284841
-4.20444099800868, 1.60130671672584, 5.25310906826198, 0.472052768490145
4.41960849772189, 1.33498521444154, 0.524409753514645, -0.00418182931298411
-0.0362094659526876, 0.610924244211486, -4.23711848828807, 0.497583824673568
5.36759968864154, -1.65871779511623, 0, -0.53734787732093
0.511902044765606, -6.31162583097426, -0.829363793986553, -0.339045646456757
-2.34453176071147, 1.73759179829508, 0, -0.5703566281602
0, 2.48220594342901, 2.59044349547031, -0.935805039110451
0, -0.522579031774113, 0.885971288143644, 0.355447002268595
0.0580638041990175, -0.586458978050602, 0.89786700387386, 0.361122954235739
-5.13401761610714, -8.84803500578182, 0, -0.987993875698669
3.40874511953851, 3.27321154916343, -0.0274596577638107, 0.36283805780599
1.78664205446217, 0, -2.40562342359015, -0.580205817515057
-2.07731009464586, -0.300704136165187, 1.75930208235947, -0.579986524355164
0.70141472048192, -5.01230225386671, 0, 0.920475265027251
-0.260839220257867, 0.565279275442138, 0.889947507944865, 0.929990707302676
-7.90215346212599, 3.07919148778505, 1.58366592022761, 0.0975480293315052
3.4570929722195, -1.34258796663144, 4.19302382887948, 0.0243411230004416
0.0819908716166349, 3.36512008838594, 0.26549995889212, -0.540489047376432
-1.89875662368664, -0.387734913447748, -2.48713363916014, 0.99812564997942
2.06874304547382, 1.90744058224719, 4.57998628010041, 0.763430632453957
0, 0.0117187285850377, -2.71082508923059, -0.428187623920753
-0.305602851466091, 0.331362534003035, 3.37396685656811, -0.255276710976356
-3.49700481328042, -0.609919612579942, -0.510285783796704, 0.995473919162846
0.663215304102383, -0.267439536874853, 1.71461426453414, 0.857917501464478
-4.97853447682156, -4.2792264885638, 0, -0.166241596799553
3.5305356604655, -2.87770221330118, -3.41577626923834, -0.369666277984961
0, -7.74318868794627, 0.757736917472322, -0.645949517871044
0.552128765523494, -1.21001277547796, -5.73701776691574, -0.111484233797231
-0.309117446797489, -0.131916202666199, -1.77329296142482, -0.799982494479328
0, 3.49915248970462, 0.524714350013395, -0.772185884843632
-3.54898154528298, -4.20307527352268, -0.861940469528521, -0.724825226027985
3.16972048867946, 4.33711332750372, 1.24880115466602, 0.62031401600372
1.87619571568267, -6.18924545412382, -2.20103328218732, -0.228851504972976
-3.38841393840891, 0.774439955025185, -0.141701432942274, -0.37640907270329
4.05468400058089, 0, 0.891462042411539, -0.972802999295966
0.00367377605460294, 6.72291614800827, -0.15953306116142, 0.280074347813212
-0.584192412246108, -4.8513583279454, -0.161545996629422, 0.633515646115629
-0.729725614995568, -1.76077768148891, -1.57401300108713, 0.797369419690885
-5.10800027945452, 6.19941207449856, -7.19524074867146, 0.178396288887212
-2.53314562166722, 0.707212355782842, 0, -0.967628744359137
4.99062745272677, -3.52928877041176, -4.80305675268316, 0.198792246025037
-4.94903936746951, 5.93679364674575, -3.8950837719697, -0.232126335772759
0, -0.996026604434488, -3.12383454997271, 0.829531641937114
0.705813242451201, -5.49953051446915, 2.45374815280258, -0.718486272267832
-2.59525745110365, 0, 0.657776915774577, -0.933521259552876
-0.164994529525281, -3.39184295730285, -0.407024312953942, 0.732692005710143
2.05007567352153, 2.68809532126789, 0, -0.999667662276309
0.70527775106266, 0.042403325458245, -0.357094467318195, 0.380730909844843
2.86333222075521, -0.56878415055982, -1.39680825145767, 0.781919958840617
3.60348412934853, 0.665003488615623, -3.76631313365247, 0.481332693160286
4.09902217430017, -2.62984621088479, 0, 0.994841092706448
-2.8582162982124, -2.04482029101104, 0.116185338756156, 0.997228965885271
3.92181038573469, 0.308125136563613, 0, -0.88585929845118
-5.55627193933179, 0, 5.50420385482917, -0.0520445608540923
3.94542480350725, -0.569658769559888, 2.49877313640843, -0.397367306939068
3.11552458960355, 0.468491470659381, -0.767683723367603, 0.319555464339883
-2.7866845972774, -0.377522859898174, 1.70722942226903, -0.993529687770041
0, 0, -0.432234978504588, -0.418901278488592
0.781657248168093, 5.19192725661766, 0.0332191297939136, -0.272876433863946
4.51112707914371, -1.38956320769599, -3.15552853939847, -0.0339581380614378
-8.94263804747846, 0.497422877930767, -0.220530093284571, -0.688219987548779
-0.49639059533197, 0.5464676136833, -4.39107688534589, 0.931824121402901
0.562976751738683, -0.185084121387957, 0.0461692474997459, 0.411465934818109
-0.181523624892125, 6.9938876740606, -0.465066853661587, 0.0640679771379524
-0.874369923898191, -2.82954810365548, -0.789172943583304, 0.976050404038562
-1.48271868260704, -4.38755686878579, 1.60720905922689, 0.900741589941325
-0.120280748289209, 1.5217792175346, -1.63498310262104, -0.23136900295907
0.362991547381036, -0.322263187413226, 6.01154800039322, -0.228862440209676
1.95174102669197, 7.01156787388565, -2.7868750443621, -0.106548812143964
-3.31329192375452, 0.55318320754598, -0.584822317392017, 0.201940052328359
-2.75377166492574, 0.500456537353087, 0, -0.775986449469387
-5.69712907061778, 0, 1.83963482167555, 0.656297938694629
-4.90085584060329, -2.93308634913205, 5.97536882570729, -0.958877168528191
-4.18378126210709, 4.97826458279894, -3.02010500385431, -0.793154301789966
8.67364169409202, -4.92836614601704, 5.65437184910028, 0.0251279184963929
-1.08416591076374, 7.77358141856901, 0.929617742975064, 0.97252635864828
0.502482837765702, 2.61323338635882, -0.382015876649886, 0.396675434080269
-0.286954822152366, 0.355902278961568, -2.92535249559458, -0.281337493079231
4.61850245465455, 4.68187616424722, -1.89335845685255, 0.90176459855133
0.201553796046206, -2.40015111789114, 0, -0.80932108584967
-0.90171140846876, -2.70328189185973, 0.408872798275609, 0.0545008313294688
-0.163660376874572, 0.757917926068379, -1.58688008859143, -0.837462062755833
0.309714067871549, -5.78542842519722, 7.71532974006391, 0.784554468850957
-4.56532333724449, 2.13668227341803, 4.755949692687, 0.727234347309249
-2.61869241838283, 1.38892344636327, 2.01467608288614, 0.706759469372765
5.82740169382999, 4.6062546757079, -0.0325509263354125, -0.828446099389564
1.59509102329383, 2.46645149889703, -0.546558498659431, -0.36477521330156
-1.90960926185809, 5.86968543374431, 0.917001590094064, -0.986469425923185
-3.98364046215249, -0.508960340874717, 2.86114487930254, -0.998160770720898
3.68932439186113, 0.0980339595573181, 5.71343041663684, -0.0759376345448556
1.64674275724531, -5.66848638358921, 0.472484343439566, 0.396468261945915
-0.939202740760149, -0.239685963950905, 0.470048196832672, -0.650954018428243
-0.0279716821517663, 0.0537637761113065, -4.36723827028984, 0.931985998797862
-4.48428292781314, 2.57296222428463, 1.88852977421532, -0.0227889563291433
-0.47597008313796, 7.46895816897459, -5.66855671427611, 0.969805342817651
-0.340699898237688, -0.512828065321235, -1.60838391241077, -0.628544773370937
-0.288766255271047, 5.66772938317979, -3.0181312928992, 0.703820091832053
-3.91880611419622, 0.674074640811456, 1.19057119134374, -0.885436502529963
-1.30558927231729, 0.176077878184653, -0.668629578626077, -0.974268322718626
2.09412253559293, 0.643603834623286, 4.82663972900558, 0.958353743382233
0, -0.296730172958565, 0, -0.292394847326522
-0.275193895341453, 0.879851941894671, 5.91801535334346, 0.23720536032048
0, 1.8504208195258, -1.87919162441007, -0.0287668358320741
0.828239481350519, 6.92634141022635, -1.39113870048483, 0.0801707536518509
-2.99843088956477, 0, -0.0657552667268344, -0.0773292201856331
-5.18035961509699, 0.56278297051917, 1.7572706005337, -0.277591922589244
2.89263925184153, -4.9994441037995, -0.458061270163423, -0.545282871320644
-0.462296039546978, -2.66137169006344, -5.24395986145547, -0.870958837602621
-7.85425506897935, 0.120776526220504, -1.18211892814474, -0.487461860065236
0.129403237313686, 1.52287799283996, 0, 0.996681941805969
-0.458708645989517, -4.62175588524982, -1.0378760476773, 0.164099166119593
1.348241122136, -2.34396897132693, 4.59005391252695, -0.437425197004079
-1.42517544209267, 0.42435856369527, 5.74605632235578, -0.999460472043547
7.73019468864901, -0.145282090243549, -3.78635947955137, -0.610712814621187
-0.492625426730432, 0, -0.714169466734943, -0.934479733050058
0, 3.25271976331841, -1.34546641509303, 0.94393028362639
5.79169474439309, -0.258501072068932, -6.50249412446399, -0.824490057457327
-1.11127984994616, -2.77668885084646, 3.53055716097847, -0.349850524173917
-2.07394707392619, -5.41878165184463, -0.723261040040879, -0.935187524005034
2.0275502810383, 0.670708604469294, 0, 0.428953324750626
0, -0.729649247941398, 5.8252503666213, -0.927468398882162
-1.03791502166442, 1.70825891835068, 2.83457845162348, -0.355388525422095
-1.04068579945745, 0.720212558619777, 2.05615724160157, 0.986436798935844
0.140639293538704, 1.21285315892326, -0.705923156210186, 0.603249575951679
0, 2.98660237714024, -0.36886579653661, 0.50022280952127
0.0670168884410602, -1.56360707504843, 3.75515151384992, 0.772666747857891
-4.25966912892632, 0.244335707390837, 1.37161162745748, -0.477555956776747
3.07717848526183, 3.71697777310246, 2.27111840726394, 0.351809325338714
6.82818200757177, 1.94010562540037, -5.73083167790008, 0.103948582976174
2.27902648517817, 0, -5.2250825749827, -0.194292901695498
8.39312071418069, 0, -0.476936619019572, 0.998066050592893
-4.64114562824422, 1.68335038315661, -4.18206451562329, -0.755668665191369
0.430191026269547, -0.261753203934875, 4.99850491294568, -0.898457046640665
1.00340620475048, -6.20185656389308, 3.17487922458671, -0.899236691641516
-0.266033828382396, 0.927809226758689, 1.28102805338848, 0.931599660767036
1.86954503034686, -0.99200822924823, 0.60231159702051, 0.995867087104654
2.80009103883062, 0.199404402263185, 7.16164771521541, -0.671599274452895
1.13154090062321, -3.71797892205323, -1.879121568929, 0.969691971735653
0, -0.844915245587432, 1.95448152253147, 0.895505741486699
0.80231641596291, -7.20199712421838, -2.11184698814147, -0.79149440187961
2.55960333559644, -1.29159471080247, -1.48347019473252, -0.213798348492523
0, 1.99018031684225, 0.425938161288359, 0.663490288156693
0.642339952589171, -3.23958592267688, 1.69712596186303, -0.783401502295311
0.173659207380218, 6.63968647114918, -1.12836885039153, -0.563162962011118
0, -0.914124374703562, 0, -0.792028335053069
-0.114496735443592, 1.39433725429435, 0, 0.957970122435081
0.85063562628377, 0, -1.64035826439055, -0.710158025227221
-3.86301543044998, 3.13014270790394, 2.61359297978393, 0.952356772805651
-1.91707489635659, -0.82519517132323, -1.89282464743258, 0.997014285210884
-5.09504041964889, 1.96917724328543, 3.40596196959073, 0.276450592983667
0, 0.949525715294073, -3.14474343002995, -0.811301528072208
0, -0.0573743158287249, -3.4109105395204, 0.320911944140415
1.80625191042491, -3.79541988381903, 2.88581436541202, 0.78123787247172
2.47482175076139, -8.06388363524521, -1.49495726148363, -0.717936782526007
-3.64548983780923, -5.28528333887704, 0.0952973543178744, -0.555781005891939
1.87003795191182, -5.23954663669669, 8.49173254356335, -0.917186629326081
0.828243602452913, 2.75446375261734, 0.788540151337413, -0.94237338458658
0, 2.57745806247809, 0.244254851827517, 0.314452402610808
0, 6.04682788813805, 1.57154622188376, 0.972372704180038
2.809049114496, 0.52127492917761, -2.203611678073, 0.903004602761061
0, 0, 6.42280765176881, 0.139169144273252
3.07905755894215, 0, -8.95342152516983, 0.397528078597292
-2.93216289250747, -2.49861470912519, -5.09997825189493, 0.893902969191234
0.14982734255019, 1.71858609920302, -0.849586782441282, 0.851493348964335
-3.62964148522804, 0.869241087636557, 0.8545824526132, -0.944403202019756
7.36172766208729, 2.72401615964436, 3.43607741009261, 0.816573938152415
-3.24100018816115, 0.910007367799993, 3.58095469492532, 0.948972596863395
-0.876432247402348, -0.606532797499808, 0.355475775597373, -0.903338112027008
-1.2151563769277, 5.36442008119282, 2.82306161840589, 0.635873687295571
1.58114640860872, 0, -3.0399120482802, -0.993731123345166
0.153788480979292, -2.74661908333498, -7.57486819502659, 0.676441978295394
-2.09425239688449, 2.18628203784408, 5.85694148198559, -0.328026935931253
-2.60002747857944, 0.24190416012048, 2.68140134247085, 0.317676481460151
-3.24024247389298, 0.890944075719893, -0.611045551305192, -0.180257963193845
-4.2163565634826, -1.85813887131314, -3.57888832389325, 0.22661981469019
-4.79430566578838, -1.64225030208111, 0, -0.152770089057526
-0.519066270682526, 0, -6.78135606962319, -0.850658728514726
2.88369681820446, -4.75612502952857, 0.434574367215193, -0.991176155475401
-2.50520032434966, 0.130651433081669, 0.350594955659749, -0.899069164683769
-6.85955731890144, -2.32713950673451, 4.63452253240837, 0.987193057052099
0, 6.46179081474514, 0, 0.177657437212966
-1.34692759781467, 0.34043059793321, 6.80520733017717, -0.46574382041648
0, 0.656446752909779, -8.13521559263357, -0.930429660157185
0, 2.1107030101636, 0.106062670753367, 0.798516617413679
0.0746221030478469, -4.05300052093947, -1.67290275714961, 0.590682280123359
-1.01508858660939, 1.58009567371574, -0.83322359380928, -0.265012134450485
5.3139915849613, -0.0428824108293664, -1.88031744904831, -0.246627850405819
1.9349479423533, -2.72953801636097, 0, -0.71357648003687
-3.76286456769466, 4.77635908721777, -1.46305891054825, -0.434573250015983
1.56297974826907, -3.88881731028148, -4.5161398521234, -0.530162417113069
3.51162083424238, -0.725297620857739, -1.05820290234788, 0.987650086103284
-3.94730163921942, -1.08324278662132, 0.486486916191171, 0.985865680550397
-1.99807279929429, -7.37043610930929, -0.920577530246497, 0.760646532830531
-0.900120728602689, -0.582794337804799, 1.80884708641509, 0.320191876480784
2.16462242983497, 0.408859878968848, -1.1392930471987, 0.99068375631434
1.42421283359836, -3.43879978891406, 1.67754236128067, -0.330699417026984
-8.81049211780098, 4.65913363390562, -2.41530485796524, -0.279696554472393
0.121473860983492, 0.843190755622085, 1.93331210032725, 0.241213361383851
8.2643538439946, 0, -4.28854330409716, -0.740771347799209
0, -0.480186127349821, 0.394069890209506, -0.0860098368417268
0, 0.111192550561946, 0.572074714848806, 0.631330199759649
-0.968906449605202, 2.92527086563654, -3.94461359639867, -0.914124602732187
-6.06691039263593, 4.25780177314663, 2.50758854416552, 0.643054325676064
-0.482471235786784, -1.17440820959136, -3.59573207869927, 0.857594242403313
-0.90678165243323, -8.55641411876139, 3.2507396783916, 0.0706702572076272
-0.968026779577149, -0.0427633677808397, 4.96420676818313, -0.725543591423948
-3.36654253088243, 0.752126249369293, -0.863087900384836, 0.329629889901965
-0.367555878761949, 2.52650808660617, -0.0306331981116129, 0.848568426455527
-0.0363476183434704, 0.944166680771935, -5.03083782411685, 0.831290900061631
2.97686581172834, 0.710685906797036, 1.19278961755, -0.985929125739328
0, -0.676574421430274, -0.478174673616036, -0.914693585474602
-6.73220478265183, 0, -2.37135983182646, -0.315718080053543
-3.32024101695057, 1.44984453052741, -1.02088783915196, -0.247702690333292
1.21756603159828, -3.46199073058646, 2.2977032979474, 0.053253396350469
4.36714779043903, 0.965922363552229, -1.36220685735448, -0.737438949550022
1.67836240943445, -0.621328841252871, 0.846465263909877, 0.945163161869298
0, -0.664137340925698, 3.47465098298837, 0.325063630154499
-5.30234307297615, -4.66238304956927, 6.2545406749726, 0.538446786709661
-4.13634274580346, -0.381350781014818, 2.86841794283521, -0.996922083321343
1.22646405651535, -0.825751865667175, -0.0888148332428256, 0.306865003600779
0, 0, -4.02743662662219, 0.774449190701466
2.52337533027091, -3.74580438982034, -1.37765202921706, -0.515431886074697
-4.4494402587644, -2.76949496323685, -1.89824264957488, -0.302772244508228
1.1034091120136, -0.919525672178495, 7.90708369012321, 0.97205011590418
5.26639842487238, -7.58130825012052, 1.84583374664459, -0.452062353179584
-2.68743276069287, -0.0688716033794319, 1.82208954208628, -0.804132576967724
2.81368707298007, 1.05809889317402, -0.30131653430933, -0.415849569580644
2.30299537736131, 1.61649906524294, 0, -0.701786225610167
0.222776276163187, 1.05386393193801, -0.711611217684863, 0.535440300761345
5.82827322270175, -2.37583620956905, 0.254165732420127, -0.535424339540852
-0.0427312664886617, 0, 0.142996530115137, 0.100097351544594
-3.11631004098631, 1.44958426870852, 0.943920106135272, -0.661491389826072
-5.14663071937237, 4.60252699749662, 1.97974426670919, 0.990880352438386
1.24642532190607, 7.39995850222183, -4.97044934098164, -0.509274725655699
4.13745506300472, 7.38731040404519, -1.18290243725428, -0.793832318557524
0, 1.80662890235271, 0.811265217983753, 0.50008639017544
-5.42764993683791, -1.40370168043473, -0.71606979785304, -0.953377268719279
-2.2532076240765, 0.799302618391487, -6.85943730774309, -0.896336139530397
-0.063474234223121, 0, 7.47082437922751, 0.901907177159355
-0.620036368547024, 0.207605201847667, 0, -0.400837821387811
-0.534821759227115, 1.42904884481293, 2.22230527653466, 0.0250576684984587
0, 6.56309071209426, 1.71912403019104, 0.909700895995358
0, 0.532734617373317, 0, 0.507890895247594
-4.2908983441493, 5.53536318779707, -0.20207702098511, 0.863610531714531
-0.115963295156119, 0, -0.266630656675729, -0.373328130159723
0.373590787115316, 1.5889154880256, -0.069171672719145, 0.94843390442017
2.18659713826449, 2.48565652849416, -1.1912976443727, -0.332886837562677
-0.80906781498765, -1.36580510081994, 2.94285512480086, 0.694685228767512
2.28593391565882, 3.28558730300776, -0.146113911711664, -0.756390977339708
-1.50354659813621, -1.59897946268273, -2.39588650287869, 0.706664404259617
-6.84907080924561, -5.75817898929034, 0.720649036448751, 0.628614050772505
3.39427292970674, -0.119389965254529, 5.25315300899239, 0.781297542689155
2.64904483810488, 1.31331064939187, 5.85615995053954, -0.383642578287667
0.639003750234378, 2.68971080830773, 1.42145269989104, -0.999286485720433
0, 0, -0.435780392231317, -0.422117987308642
2.6180209157141, 1.65544552433092, -7.76770472143204, 0.345381835087774
2.81028857585522, 0.953202011041903, -2.96150733621861, 0.718736423265872
-4.55362509915308, -1.39314219792985, -6.67099150580866, -0.0513655743270097
-5.71027067522997, 3.46031196809388, 0, -0.778099135312487
-3.87481013726201, -1.37787486676959, 3.95658541189348, -0.962507504144956
-6.647751157008, 0.989948408673493, 4.72120928704795, -0.805544282899073
3.64237400500214, 6.11593798739646, -0.259261331641703, -0.0742044320792225
-4.60587969124591, -2.65449814622034, -0.058558102258741, -0.860245331573003
1.08800430413708, -1.35421694785087, -0.500180793693373, -0.693541527061537
6.95656842317272, 1.86809985100669, 0, 0.564732998247383
0.815575621470611, -2.50499656726839, 0.0512150041997503, -0.997728832137677
-0.0448424848936696, 0, 4.34904688799244, -0.917842955542701
0.441685850472043, 0.700232522422556, 0.874355451611036, 0.902405019852082
-1.30389145449916, -3.75775743450865, 1.26633501391222, 0.60814461289929
-1.94731928638523, 1.89725556778594, -1.44965203173908, -0.997474839280952
0.0688718585618175, -4.23444832313547, -3.79774972880154, -0.99402783760389
-5.25121565780193, 2.72459836617326, 1.48261550137895, -0.864423103724352
0, -0.529927301001701, 0.86924811586237, 0.332846710313644
-0.306122322243695, -0.997857551555083, -4.77806610277764, 0.19978582145501
-3.4659602658199, -4.37025053676695, 2.3436210315412, 0.710772311742896
1.85422699751995, -3.05738932595467, -0.148484418237807, -0.976082683226279
-1.04566668581481, -2.00493088411397, -1.58642582482958, 0.99716135825029
-1.25460686499933, -5.94949213785561, 0.0620953119649064, -0.757071103278086
4.46570858567288, -4.33827319617303, -6.79373770430392, -0.373813317594068
-1.40651176842233, -1.09221690850901, 3.44716971062458, 0.812507692366467
0.395546756868971, 0.765571212752522, -1.1063785828214, 0.0547120540413747
-2.83525284232351, 0.838913931436331, -0.713284703769388, -0.418659782095139
-0.301736983611126, -1.12332927581078, -2.50962360692659, 0.712529820514367
0.928292734049397, 1.63676857372595, 1.02915720223876, -0.437328476633168
0.493564755885659, 1.63855390233852, 0.614438308689016, 0.3848411272431
0, 3.81672940441255, -1.25573538302245, 0.548524572042983
3.81636013268324, -1.95357487255408, -1.73726797883272, 0.125187961977738
0.655255394827228, 3.3030015385258, 3.28728380626407, 0.820540182168878
0.549043665895725, 1.01430827566157, 1.09611067133775, 0.463667461831761
0, -1.06669369110218, -3.97184771856845, 0.947282116415988
1.59808477554381, 0, 6.2977727829934, 0.999123331592211
-1.95417070153829, -1.31213952848322, -2.11943300958696, 0.781734312405704
-1.94333263623683, -0.422148462581517, 2.08990209274455, -0.272104141442195
0, -0.803995516525579, -0.351172933984163, -0.914862986733042
1.26099803916225, 1.62003832851538, 2.92517825678232, -0.459090071786501
3.58803708645889, 0, 4.50662845955539, 0.971175180011893
3.30870437683012, -0.795711586622387, 2.13689536235151, -0.998047458994344
1.74234272248221, 0.0928457407713149, 0.676309634780655, 0.589221158798457
-1.85840053942911, -3.37132987164489, 6.36477888671904, 0.906554636477754
0, -2.88251966046287, 0, -0.256184591408645
-6.69471888742164, 1.98775056469615, -1.34369042950854, 0.230436814918982
-0.707248959088348, -0.646981305744025, -6.18147888694959, -0.949777420737539
-0.473671869129721, 2.78276258045005, -4.8763853660209, -0.54324554280117
0.0548396855848095, 0.310321038733386, 0, 0.357099426270477
-3.65754851496664, -3.40154173383561, 1.93118645713254, 0.914908632510693
0, -0.13103851262994, 0, -0.130663822078831
-1.05214340288757, 0, 1.84840979885702, 0.714749870070741
-0.836363934369927, 2.26485912048484, -3.4430105888485, -0.90316130861506
-0.515651591362269, -2.02510981356032, 5.39326620306506, 0.285078049337634
5.47978415315961, 0, -0.687108913290831, -0.996778789122661
3.82012811667292, 0.176967426285598, 0, -0.754900826018155
3.73314792929829, 1.33065771000956, -1.64534946747373, -0.273339961332228
6.59780957484516, 2.32046866292156, 0, 0.485119415040322
1.56872321179543, 3.37018581077931, -1.84866513956742, 0.0513262083721069
-5.84732926909222, 8.07392507981226, 7.91437540618441, -0.656517969372228
0.256299678355595, 1.54437890161964, -0.240699762124894, 0.99994149132067
0, 2.36683166835775, -8.60313778491837, 0.0468620217635845
0, 0.83787991890585, -4.94745581454945, 0.823743964256375
1.0303573389679, 1.1208013487611, 0, 0.836264012537837
1.32506824812157, 2.05777840924346, -2.77294911387048, 0.572783478822223
2.74334077012881, 4.78259858432347, 1.85344712895036, 0.0453758916433996
-1.64776473801945, -6.67830142130996, 4.43618946170257, 0.680382211217845
-5.07499153775861, 0, 5.33750665808912, 0.259510323287239
0.75395239412503, -2.1838557558059, 0, -0.990090994303414
0.0445340420326842, -0.00946098287099087, 2.92627335429484, 0.17927182979774
-6.6936311035853, 2.56839201346431, -5.35935350477665, 0.0597789731370616
0.0879245549849814, -2.97103662694387, 0, -0.255611905020488
8.77473887511284, -3.3415157479893, -1.40316379135622, -0.776105745754613
-0.948334484337053, 0, 7.91353346077424, 0.630357522404971
-2.93804407722226, 1.57813989630814, -0.272539977111174, -0.99810037418685
-1.22579077548617, 5.03496914265443, -1.31214987035475, 0.600850099204952
-3.76247373957302, -2.26770574705103, -4.6456899189603, 0.949328211004982
1.63638880925085, -2.03191984912004, -5.51182453684128, 0.36704447344246
-1.88859182823849, 3.92153250562098, 1.35111681015748, -0.240096088750711
-2.51212968980527, 0.0453171022447371, 2.33320539367069, -0.133210047478461
0, -0.778430615448593, 3.13441709062756, 0.707253854713694
0, 7.36339633137146, 0, 0.882057248934041
-0.459369322033305, -1.02092327457896, -5.49979190411968, -0.641842966378207
1.13962957967987, 0, -1.07435467470174, 0.0652285608227387
-2.78203991930095, -0.09674142491852, 0, -0.259796353602045
-2.09255374646399, 0, 0.933739217433026, -0.916329059253134
2.87297955941082, 0.761703980044324, -2.00302562024585, 0.998148504905662
0, -0.34769130700626, 0.91528463499401, 0.537604308383329
-2.78409262503688, 7.0639766450338, -0.232404137138465, -0.786972874078725
-0.456480920527354, -7.69477004171106, 1.05852793392657, -0.723968356435882
3.53629578162744, -0.556212618740375, 0.947101876580669, -0.707244103881824
-8.45827118561523, 1.1517936834841, -3.83193553417546, 0.989815879081114
2.84126050157531, 2.8608473664433, -4.21383243995431, 0.996597082364349
1.99220717139179, 0.969538890276821, 0.414205250523149, -0.232219223961553
0, 1.62346263352011, -0.275286824570637, 0.975322224565952
2.95721702881028, -0.378798453779332, -0.0348341167135323, 0.562997447053619
0, -0.0411909707082393, -0.773296870651327, -0.727374229747433
-0.743803185757158, -4.98340574884014, 0, 0.527772868390602
-7.53771374120271, -1.81162832202931, 3.45549896147824, 0.379579932753276
-5.87087282253004, 0, 1.06317686152792, 0.995461726537421
0, -0.169612881806499, 0.730567874727104, 0.531995078206923
2.04322894571499, -2.16079360952638, 0.780589979505441, 0.615504018439246
-4.52464288963221, 1.20041355919112, -0.621691705482868, 0.720364974711628
4.24778817791854, 5.71680215407014, 0, -0.513975051770015
2.52585591633146, -0.137348597933235, 0.92948306208918, -0.175484345843328
3.32815348465375, 3.28434269190037, 7.97544038713697, 0.90011207643196
-4.75277377700097, 0, 0.782182976502079, 0.737254874522488
0.949778230371782, -0.0749046393087621, 3.40136801330436, -0.906385929283136
-0.118141881245254, -3.70104216490921, -3.34957433089128, -0.774277779159728
-0.980769310603277, -0.68550481912005, -0.723935428412601, -0.682650103277505
1.05766551618356, 3.70047219828724, -1.17212554308219, -0.42993385838102
-1.61658111802143, 2.28188752675517, -1.17221518008607, -0.485477065920949
-3.23137465456099, 0, 1.17586633617797, -0.884809184344499
-4.04962267542706, 6.81508557815807, 0.700442323787344, -0.318657269699068
-0.92284487696497, 4.74140946229054, 0.940864461912245, -0.998893820054418
0, 0, -5.9745546933145, 0.30375423843887
-1.48193449689165, -7.32736867402092, -3.4781939030989, 0.275272883282788
3.58140421639262, 0, -5.72689145976998, -0.839360352648562
0.869892279091241, -5.34593051920921, 4.94247057332772, 0.449702591332698
0.633333050940807, -3.60652450919455, 0.797795268147157, -0.822729614354792
0.478254827893458, 0, 6.32187898751436, 0.494229685494049
0.677202422487178, -1.90115679143982, 5.28762138415483, -0.796856597485308
-0.55202424458788, -1.4461276184051, 6.00614881795186, -0.762005399070957
-4.90321004898437, -0.996337381655507, -0.851224421919894, -0.450733208886911
0, -1.3738605456305, 0, -0.98067074206093
-2.10660123830037, -0.804852634111816, -0.803989152798424, 0.542869672231364
1.77578420647224, -0.574945880833522, -0.757471774126157, 0.428982938666586
-3.12479020940363, -0.059241506764312, -3.1320083342176, -0.0328488327696502
-0.753814738594841, 1.7446106848049, -1.07808922560797, -0.0871824574684901
-7.59767571817975, -0.59927109098028, -0.947996717387809, -0.276196526885316
-0.625182207033589, -0.349261257960117, -0.527436823829746, -0.997626229581088
-2.22577142167174, -0.800899519026698, 3.21994447299277, 0.192072499905658
-1.95683756934332, 1.92540536910547, -0.230301218680246, -0.258755323493444
4.64873369813372, -0.60714505082329, 0, -0.783324419278009
1.68593192551561, 0.0302140284470348, -4.27240611718614, -0.552476553039169
1.78905472615224, 0, -7.9114752076154, 0.16007321675766
-1.09221970527071, -2.60163197880687, 4.1018054234338, 0.396731826524034
0, -1.13095585123215, -2.10533607849168, 0.0945577964800732
-0.733074217444786, 0.787516535160838, 0, 0.054415427505378
-0.780559050282724, -7.54597062410133, -0.168987092175049, -0.80117803894085
0, 0, 0.557299327364796, 0.528896104871701
4.57299813142652, 0.588312887860608, -3.47587016759248, 0.99343551113997
3.42013572967618, 1.3303783318635, 4.16474713765306, 0.487755446220037
-6.86316872568017, -0.620675711715909, -6.69129002033327, -0.999279320422368
1.44010996885603, -3.38669259258858, -0.363572847267414, -0.738900528372539
0, -0.637595739512516, -2.54256790994786, 0.038561432763905
-4.29538253429131, -0.790070664505507, 0.356453772800255, 0.999862049720118
3.28716963868922, 0.561091759503396, 0, -0.649303861819731
-3.56776238864649, 5.80045537548161, -3.9496281575177, -0.98934070991018
-0.770275191296952, 2.62965196586663, -1.64011373260995, 0.217510368413176
-2.17763972523512, 1.6482207820044, -0.84322971331106, -0.980432897376796
-4.31610270138648, 1.81008888213434, 0.564067039901422, -0.931910707313169
-2.71722267694642, 5.67954390201696, -8.54604722165784, 0.643804051021686
-0.741306142295388, -2.12338070716866, 0.553496073723536, -0.73820252913155
-5.44402384871804, -1.96504713313889, 3.49588244571159, 0.697280052782373
0.240681245103796, 0.34552164159041, -0.791774816248461, -0.20412708049296
-7.85235797606984, 0, -0.872440153207835, -0.64420226138067
-4.74198370461445, 0, 1.9806370846837, -0.371148940942614
-0.300471326010521, -4.54268582749306, -2.16736978719354, -0.664886334328863
-0.312136927764927, 1.69653513082142, -0.931251728875214, 0.437796609852601
5.80271891402207, 2.86983186838675, 8.28647601664368, -0.949319437734969
-6.02328691073846, 0.428382074659868, -3.34944329566762, -0.462160389033412
0.0254752822338954, 0.16275157088542, 3.21271289988082, -0.256449540556373
1.5986504115158, 0, -2.84475145295484, -0.947747980481198
-4.40559927067049, 2.89048619935777, -1.80913916593843, 0.18164555177957
5.23471081686891, 1.37069112591943, -1.11881486145724, -0.714981905953011
0, -5.15573528928484, 2.28498842440778, -0.267546487733153
-0.407848904099245, 0.441137096118711, -0.400352474488482, -0.358876827884498
1.35244563471174, 3.42826219668065, 1.95059343145722, 0.433268280875639
1.95042662413345, 0.72446045592635, -1.24270946497224, 0.990407800777132
-6.86286499857105, 3.84965505071434, -3.42134298729773, -0.150790263283967
1.43325632877334, 0.870330322939125, -1.1554093608425, 0.912017870661726
3.5248451454215, -1.13769433141579, 1.05300254004682, -0.294144885672061
-3.5371525993278, 0, -1.10498688048915, 0.9975335184243
0.589800249128509, 2.16783925339945, 1.16590146681569, -0.704663167569058
-2.02383587603636, -0.00955494214294243, -3.7335942330461, 0.493579068030784
2.04490863813316, 0, 0.256768297523618, 0.744586862179555
0, -4.30754374913291, 0.961287425812933, 0.203237860552339
-1.36266272205983, 1.46761166093294, -0.414894622012458, -0.305006908223652
8.36637230513914, -2.02325076704065, -3.55218494662651, 0.343514020468041
0, 0, 1.6049323759996, 0.999417421647393
0.439445998724292, -1.02430211241557, -0.187583471270084, -0.697884569413837
3.30731851947835, 0, 0.892207389647238, -0.87134324629219
-5.93406896196961, 4.46819938927339, -5.27645279479979, -0.443174702506527
-0.176224205724999, 1.0936374264274, -7.23348267340729, -0.0328782192072959
-0.427982671385623, -0.929027632777126, 1.45290852126335, 0.0957512971925967
0.284137905241986, -7.46722944149153, -6.10363764972595, -0.659654205771424
1.17348394876974, 1.05658550982205, -4.5569785118834, -0.727508553622133
-0.352997326922136, -0.00807604380328024, 1.14020971168774, 0.702665170084146
-1.0793947917779, -1.09785234047931, 1.31510812850441, -0.759236394332028
0.587796204997132, 4.4675021592842, 5.91287463154312, -0.99962460809436
-1.33327860586964, 2.42539293245664, 4.6184306906622, -0.541853027896688
8.24268094554668, -1.8983425357837, 3.27104785631925, -0.189456218390902
-2.43003915875686, 1.56274438349658, -3.63433991029595, 0.977873396284107
0, -0.601341276709615, -1.07339477915009, -0.99460312773107
-0.361896712501485, -3.84997123426291, -2.4324174539337, -0.353303593935014
0, 3.95916034279352, -1.78282612645199, 0.822196047486516
0, 3.91837621802389, 2.73092190303417, 0.357988579133096
-2.26027878851643, -0.0598216965141807, 0.761426955350408, -0.999926519794966
2.3946156810944, -1.55385169459221, -4.77822624741971, 0.714472307704476
-0.871311353925295, 0, 4.26143137098357, -0.245976835674911
2.01216939371646, 3.71963809883205, 0.58510682386584, 0.0337226143194319
6.59815248781729, -0.328608481366471, 0.278879550881162, 0.262139194149364
0, 0.206425180754822, -0.397430106716896, -0.189845640999096
1.27317955543901, -1.2177186348558, -7.27758309025205, -0.806930618374615
-0.136755988996828, 3.86897259944536, 1.45076996155585, -0.891297487966089
-5.71212166068709, 1.92910670578904, 0, 0.598335658778066
3.84749294903478, 4.05305319188771, -1.79663324346609, -0.178313690996192
0, -5.51647417876705, -1.89547191229438, -0.903882771370014
2.14227738144914, 2.79362506922038, 1.04624725647562, -0.296509394517674
4.68877514390683, 5.95206697981435, 6.0133400685216, -0.811210307727628
2.63289992401046, -1.93258651249697, 4.86479756928272, -0.657935717837822
-0.194467359778689, 8.55534704381383, 0, 0.87425460778742
1.06681299818066, -0.401718051359857, 0.0972315720735265, 0.690605923805226
-5.6531285465011, -0.278660022783401, -0.725293616170666, -0.365245843267377
1.60408321749609, 2.99543764209162, 0.395578809266714, -0.960302794323275
-1.13145966088933, 6.48430844279207, 1.10965130529816, 0.178355382094817
0.187186858703935, -3.26654424111664, 1.0822545113425, -0.910499240152486
-0.874114945937933, -3.02393473080543, -1.18624491020397, 0.931636556486201
4.31739807609348, 5.74238577612787, -4.70379779613754, -0.79994241617273
-4.05094157627362, -0.59587554661365, 3.5265251898796, -0.900227593906154
0.356022730169828, 0.238336735981673, 0.962693623715403, 0.999905563205793
-1.24790822307016, -4.55168374839783, -0.289178536408198, 0.193192392036941
-3.51647686004475, -5.87327962129995, 0.925439968204796, -0.819456130512806
-0.543238635427895, -5.58977309735016, -2.37631235568612, -0.792839272285543
0, 1.1272056080062, -6.90890983022233, 0.480724786628736
3.12755122926438, -2.59689857652266, 3.68181460475634, -0.877620087248959
-2.27318673733305, 7.22399897464737, 0.977041573253014, -0.347901172766266
2.15686075117293, 0, 5.23475033661106, 0.894997581339933
5.27706112958354, 2.08099133152561, -0.591536155245982, 0.464731187152714
0, 5.09232644741066, 0, -0.928687828520863
-0.396172855233854, 5.21819927786393, -6.91955894181484, -0.864452435655359
-0.957582921701289, -0.800596966781, 4.43285210264514, 0.450138503654729
-7.54606114306769, 1.40444576246871, 2.23979144694274, 0.689089066804422
2.27268032975154, -0.25240390759539, -5.0601201034431, -0.101573497795528
1.37394693185293, -0.289245553449376, -4.44085970960597, 0.212923085471684
2.2670751420162, 1.22402476203815, 1.021637456036, -0.980135730728265
-1.9793160408639, 0.243879316488225, 0, -0.986477357101861
-8.34303201564729, -2.45604357982801, 1.54277254526633, -0.167679047979443
-1.83563986552676, -2.12102661753121, 0.562705668882796, 0.2496978035744
-2.92068975182282, 1.5114350973216, -0.662367458298042, -0.877186359813814
3.73052451374499, 2.79377227406659, 0.968698576543805, 0.935548931174018
0.297736180153553, -2.97011275355244, -0.0852794163326171, -0.374573426344389
-1.14964569041023, 0, -2.33930949370345, 0.340419050831119
-1.60749986609793, 0.799178936890875, -2.30441737142597, -0.0288503492276114
0, 0, 0, 0
3.64974771796248, 0.439191317390274, -3.12248950736713, 0.822873438202197
-4.37067724269381, -1.52614031523752, -4.60097303455741, 0.878642958857426
-1.92309841975714, -0.242579749898324, 0.349690588353989, -0.970090917239723
-0.61720741010141, -1.6336307039641, 0.404796495290844, -0.962358560389466
3.80938002597977, 0.535686757664982, 0.487953506171682, -0.992732862570602
3.91329222727255, -3.19430986940596, 1.07719872197006, 0.974708194067823
0.0732395402496865, -1.89329498256244, 5.02626586753235, -0.0645728129021943
0.263010836328851, -6.90499418131308, -1.06220311022466, -0.988801665298257
-5.86879451846182, -4.63794678898433, -1.86340181802558, 0.194970613795634
-5.01111501036729, -0.664584260743384, -0.13318187330532, 0.456719533519894
-6.35419072879208, 2.51701440825919, 0.575648833799944, 0.119647508816519
7.73327914100759, -2.02278972604442, -0.343764955337981, -0.793452551934749
-1.68847598819457, -2.63609220629376, -1.01935434342332, 0.807123071129448
-7.29516123202404, 0.0850794641697218, 0.641797934957686, -0.281252001282949
-1.52970262688105, 0, -2.48142404317922, 0.764028375502529
-1.57292072315371, 1.09914946607274, 2.91703506275873, 0.642938620645332
-3.16455862632234, 0.337298954062769, -0.913032196887318, 0.563568412270936
5.68968306001727, -0.16913969636389, 6.8741434844556, -0.170841602828356
0, 0, -0.154100634229416, -0.153491453223367
-0.0215633660655298, -5.91050746939634, -2.84776817208518, -0.601149654928017
0, -1.67193234417212, 1.36075765423512, -0.306177122372733
4.48005288396033, 1.12182460311885, -2.01195225492676, -0.433463505339333
-0.596215361075576, 0, 1.17200941647031, 0.544500984338145
-1.3419190311534, 0.140886307293962, -0.77075482195744, -0.920674542719537
-6.05508817828032, 0.741264329171397, 2.3063008367579, -0.133668359156852
-0.679750835373882, 4.53961230932717, -0.377245509241356, -0.334451648699025
-1.45152031232208, 2.69718142258803, 0, 0.947607541926072
-0.432302924540035, -1.6253408536433, -0.737269406550224, -0.339776706457507
-2.13956629398259, 6.87982524599872, 6.50830723648346, -0.968167878085287
-5.16680077610854, 0.458455800292294, -3.4446887725241, -0.955616179263391
-0.136613901768166, 1.36867748869987, -1.00520200701673, 0.224920631629413
-0.889514831308981, 2.09986944315018, -0.428468119552577, 0.704619299878543
-1.91542225233997, 0, 5.12006723001602, -0.0630105539667637
2.22373631327587, -0.0967698214094945, 7.17203739991972, 0.125442725396542
1.49483856628409, -0.9575913524989, 2.95176690395538, -0.340474463986816
7.3659970422117, -3.62110302626207, -0.406755937918441, -0.195282438015799
2.57846499168243, 0.276159175800234, -7.27959729092177, 0.958979616670225
-6.90304570221484, -1.10761223971267, 3.6111459958419, 0.95145196555106
3.18056400454629, -4.7494013294342, 1.40547067737462, -0.162640943733779
-2.6978312827171, 0.0959662017859361, -6.72597675711195, -0.0967843821822841
0.284482240809352, 0.764168859349642, -1.65929525422831, -0.573395320818846
-0.528174639925442, -1.38061818172253, -0.984659189816871, -0.245601977687235
0, 4.6809978483622, 3.86254860454358, 0.771522950889324
0.945307812628014, 0.224477975733801, 0.519034854378102, 0.993043211571141
5.72261326933401, -1.35918930515609, -2.69327439819149, 0.9950685255099
0, 5.75911908259574, 0.798294116183321, 0.270803759508446
1.48246558824669, 3.56480330627635, 0, -0.944449783352107
0, 2.87252069025883, 2.76312197221588, -0.603228319730253
-0.756456293517936, 0.889028027136358, 0, 0.132183744177796
0, 5.06773058654169, 0.0706334412426844, -0.910636267641494
3.59268854725765, -1.5819456687113, 0.622707743021989, 0.486554873862508
-4.13572976697969, 1.22964797785024, -3.51307575288838, -0.135553636040926
8.22630422386634, 4.2537446628575, 0, -0.0862145640307366
3.49611176713189, 0.260347359003661, -1.71646560529082, 0.891931580654225
-1.29009026302495, 2.03612909048615, -2.7062374193716, -0.9251361464932
-0.970130672664442, -0.359707621559365, 0.96702453352838, -0.354906224977129
-2.37008452525832, 7.98703381418578, 2.70678242189194, 0.891681447119102
2.38810772559983, 2.72070773445103, -4.55236004551517, 0.528179699127423
4.55127720839869, -0.837640702183191, 1.8331025353787, -0.671659338224569
-0.360806155652183, 1.18956251916921, -6.21618071301662, 0.780684848579128
0.592383009191781, 1.03142149980712, 2.83968091841772, -0.969183104581799
0, -1.17194283342545, -5.12311123317252, -0.0118684807667058
0, 0.0725590736011784, 0.159291938021449, 0.229779399766535
-0.875669722387413, 2.49753638100696, 5.58296728533831, 0.796599315751536
-4.60231102006618, 0, 2.15498752293875, -0.639823941471348
-1.12998984573874, 4.54838125945459, -1.92816140965007, 0.996756288949621
-3.87143442773793, 0, -3.88895635674193, -0.995623572362597
3.70561253265739, -5.49186509358318, 0, -0.976878956153098
-1.74619119602544, 0, 5.69250131570385, -0.720634786803149
4.42485456095303, -0.271103527057498, 1.20048092314996, -0.800993779062987
0, 0, -1.03461654718715, -0.859666530657532
0, 1.13184578210667, 0, 0.905198169345024
0.478311248346377, -2.67215571676947, 1.05898473321413, -0.906474955166002
1.7062883622508, -0.928527251784004, 4.20884472560549, -0.962637562910831
-0.965447100328955, -1.74107701412452, 1.16690914852866, -0.99951390075433
1.50585568580118, 0, 3.94800058191083, -0.737478390040708
-1.05627166761843, -1.47310143964044, -2.70699243420129, 0.865836449249964
-1.62672717572503, 0.0884701698499127, -4.62182907323438, 0.122788567825342
-0.10234742756111, 1.70683303182332, -0.205419946091911, 0.985290492454137
1.26434021688269, 5.5210596646746, 0.862924732669687, 0.978927025567082
-1.58345234793772, -0.634496617426396, 0, -0.797803753541312
-3.32325149342569, 0.716971197033753, -3.82703858792178, -0.149570208346911
6.14754529956148, 0.856916080628017, 5.30888037584204, -0.25033751838566
-0.580784046361588, -1.76753903635197, 0.991117544933743, -0.977276075570288
0.328443143669722, -1.00571025209767, -8.53967769189723, -0.206340176052043
2.25978862785724, -0.990631045303601, 0.151357423584609, 0.988728998776722
4.2681325321403, 0.305836481184622, 0.213360311097168, -0.997193286341605
3.3121436654181, -0.487786616425862, 4.53489173601144, 0.880095583627689
-2.62123718281334, -0.286113216674939, 7.91895606737535, -0.955567680686175
-7.32432334419541, -3.73634012124331, -1.61044193739558, -0.104543414257011
-1.58709850003342, -2.99660256039193, 1.00084214191923, 0.427084778567623
2.55086678525008, -6.20093863001137, -2.92222977565705, -0.285105326137849
7.02563406109141, -1.96383029826164, -0.287975979637343, -0.998113230370084
-6.30827740128538, 3.9319319491889, 7.78830786924265, -0.765116917275245
4.50064840517037, 0, 7.09444513595404, -0.825606969383501
4.04909127347595, -7.49227965599498, 0, 0.297044287838246
1.61749532521586, -3.22829768211967, 0.703045182257446, -0.788125230610454
-0.913319232367593, -1.88021393021579, -0.709897610689466, 0.353993927567794
-2.99253980302836, -1.00641797529832, 0.359623399730596, 0.477442495046169
1.49317849869522, 1.72832245786131, -1.97921580168382, 0.946523739206434
0.958806784338693, 1.62964339443932, 6.43412460919196, 0.39144665208341
0.0726111764426395, 0, -1.91800102960225, -0.962535494789476
-0.192262385130051, -5.10468134894254, -5.19751419601846, 0.877046804873329
-0.209893119619178, -1.51718569990116, -4.49790784600093, 0.0581657932942692
-1.23843159211726, 0, 4.37368624116, 0.00633796211388363
0.245116874689756, -7.05801976521407, 2.48141366917706, 0.928330520669235
5.99848244758252, 2.32701824155032, -0.714340143238353, 0.970663530482998
8.03610080715087, -1.93071675390504, 3.47948142861923, -0.15940460921748
1.8624365603842, 0, 4.37001166137402, -0.0507153198838318
2.11333043738889, -2.38557161455302, 0, -0.268890746325938
-0.963163013087196, 3.15165809129908, -0.147684470819162, 0.891561820617517
-0.0955175515709061, 3.74896853219204, -0.111788596078655, -0.389482567822437
-0.274777376220924, -0.937857731682182, 4.75514836597962, -0.390266110054031
3.49041680222862, -1.84129512954564, -1.36204231035059, 0.283152326322952
0.16388167215692, -4.21066125818093, -0.42812689041166, 0.971933311578602
2.5246486154034, 0, 0.217603569020333, 0.388810789532432
8.6658740838365, 1.32612547712686, 2.37704221269909, -0.196050711189442
2.7347974063525, 6.34043948787285, 0.581763228206785, -0.230140603013246
-1.85461927291687, 3.75011198443832, 1.30873278542828, -0.0625919012755702
-3.08913679006004, -0.485935228171728, -4.92388226693677, -0.799116208703535
-3.69338981234161, 0.529833943829794, -4.29926497596282, -0.924467118110097
0.41537244544149, 2.51833961462525, 0.48445687372445, -0.273063650761493
0.70489720707056, 1.57979338875962, 0.150440165843088, 0.649146530444592
2.19136563092068, -0.0542889223686834, -1.19034704062638, 0.81150886155087
-1.64902050311166, 0.885495825151678, 5.07333231581064, -0.920052704324068
-6.4229039165298, 4.31848884574999, 1.31299851569952, -0.711349595034419
-1.68081715688147, 0.520965542886856, -4.67014400738764, 0.437835459886047
0, 2.00878956867791, -2.64873586904664, -0.597152368254921
0.994312722698931, 0.965872447921835, -3.69013958037372, -0.987361066187695
2.94991851269729, -4.01685034344757, 2.4174433026544, 0.975835245962714
1.62781143636806, -0.716656444927983, 6.8503256760772, 0.995724835252062
-7.63381900993819, 2.68571263676775, -1.10566904726702, 0.227402910425373
0.597671214769441, -0.657239222739469, 2.37585197779157, 0.734757206768437
4.02640078963079, 0.704377910450277, 0.36186761425895, -0.928569154397618
0.415916386254093, -1.86657240095854, -1.57278491629883, -0.117877018079976
-4.69277557436972, -1.85804838680571, 0, -0.264454898607839
-5.43527704357881, 0.453856998334572, 2.84413512928604, -0.843790650775334
4.51900890307455, 1.53332959373171, 4.85202970674822, -0.995843607581687
1.02241430106685, 0, -0.963383124192889, 0.0589968987215659
-0.877945646121141, -2.18788711735415, 0, -0.0756874394915541
1.58037944584171, -7.08561802380049, 5.52837563144433, 0.0231349892403897
0.43912213176448, -1.90677755228559, 0, -0.994685690389528
-7.12987990636839, -0.12108142493343, 5.02679455747213, -0.794039531967089
1.19089221264743, -3.09215297787085, -0.725295298139237, -0.492566692914772
-0.20872200895507, -0.272281884808225, 3.70162199796253, -0.0789432236782096
-2.02950257436815, 0, -1.67852500624886, 0.536627187390257
0.968883922774756, -0.374857047747288, -7.09813288836653, -0.219128045249939
1.06947335371257, 8.87431521009389, -3.79340030103615, -0.132407074561367
1.45591285147514, -3.89348975098389, 1.73319301136452, -0.647564468663944
-0.0849237279430608, -0.291242953525504, 0.9419907061113, 0.536111595974038
-4.45838520790375, 2.08502545863624, -0.219148458083695, -0.521906477938523
2.01334618172299, 1.89123829728516, -0.894706195636981, 0.131333855465967
-0.48262137523043, -4.8164943795728, -0.712782677129275, 0.267971468396914
-1.34801346219518, -0.525376213493467, -3.77853272425874, 0.590164751631434
0.52267909819385, -3.7713846507349, 0, 0.106908195610851
-0.36660722846473, 1.30794163807665, 0, 0.808344399992484
2.67004426367117, 0.106880351950824, -1.8796914135477, 0.781604044402275
1.44600573202875, -0.235406257321782, 0.0279666287954741, 0.945317303060691
2.4154738823024, -1.52824497573462, -1.71679613493234, -0.737639234928615
0, 5.9671755297888, 7.03469268187633, 0.421861605266672
0.22970713778851, -8.10066304500246, 4.41837107968441, 0.306003366687163
2.49861883534986, 0.191503476440675, 0, 0.436289028469798
8.36640168370977, 2.98521081124675, 0, -0.937285112664901
-0.848953958064762, 0.903150171462051, 3.86850247991667, -0.704065287484377
-0.432844802007473, -0.110336550562799, -3.49003843194341, 0.778094854177336
-2.46024459715013, -3.37720980093685, 0.685044795593733, 0.904742879257698
-6.13508270268099, 4.1728010346055, 0, -0.924343330232671
-6.47494505088541, 0.4012530652812, 0, 0.20796432594597
-0.933792868132607, 0, 0.661611380363634, -0.268833254771405
1.58364038429393, -0.0235892301535184, 0, 0.999942271187757
0.462222658778644, -1.51155548706257, 0.419086140775628, -0.589344070306792
2.85088999702171, -3.96176892284386, -0.828544605443508, -0.932822890981615
