-3.927581749124638,0.7075245098226824
8.709903127438558,0.6555228990557864
5.933802677281314,-0.34231780151796654
6.753194842359079,0.4528947866221379
4.320924751795303,-0.9243513858231376
-7.9023091962300285,-0.9988324506292368
-1.0802876078364676,-0.8820933281371538
-2.2047576541000566,-0.8056873793779104
0.19362388537064845,0.19241631787136623
-1.7807869120443307,-0.9780328772787631
7.623155147351753,0.9734776421072723
4.530129125743613,-0.9834366001043267
0.24440786906898992,0.24198183398226558
4.983554208835258,-0.9634594390941009
-1.6707602143015947,-0.9950077698628165
-0.3935622558813634,-0.3834807586634936
5.402967521787531,-0.7708776228313541
4.130873547633044,-0.8356311963272751
-2.9970323357600748,-0.14405734765367625
6.760298809384281,0.4592169464672082
0.2434932974331261,0.24109434162397908
9.531599887725946,-0.10661888668530936
-5.727679742861284,0.5273729121795988
6.016936957916236,-0.2631138362726326
-7.838245383196352,-0.99987618776072
5.113141906804792,-0.9207675295982966
-8.172500972275994,-0.9497001440379357
-3.3309184897173054,0.18819682033081098
1.0198754741818625,0.8520428427695835
-4.901679054872968,0.9821380633914426
-7.978102297354365,-0.9923069146739589
7.67998864700057,0.9849013687444493
8.68951821130186,0.6707798231567378
-1.1480877885613623,-0.9119811575953888
-4.098629174665859,0.8174883592450779
6.103672904236731,-0.17854983287331938
7.780674512691348,0.997314236067686
3.7064159849416782,-0.5352665953300607
-6.483282968433237,-0.19876504437813547
1.5469413296320376,0.9997154830478531
-4.939783108651614,0.9742571686455621
5.424489274558532,-0.7569911616696023
7.18584471750286,0.7849772536217877
-2.280028004431088,-0.7588624705671981
-0.9847557207397095,-0.8331370125727251
-8.307998649725011,-0.8986925786657678
9.407949236487163,0.016827929960959623
1.3463241192218334,0.9749117251401288
9.33046736618131,0.09417084933808036
-4.876055724832181,0.9866364688998851
-2.1975093760593722,-0.809959629641709
0.4297929565963656,0.4166825981329613
9.829229879120504,-0.39351495805834197
-3.0559915272389944,-0.0854966235163398
1.7573030081992904,0.9826579862375183
-1.6032503797832476,-0.9994734134443722
-3.1857824149966874,0.0441753809953019
-6.982046029327293,-0.6433459015792926
0.9116147124211764,0.7904937329096181
3.493654541016163,-0.3448339579742029
7.356915994467741,0.8789855890343236
3.8767986499253055,-0.6707399558255822
-8.34134532200843,-0.8835705076664335
7.31889407099554,0.8602239827766549
-2.083165358966088,-0.8715855520677078
8.53438950788896,0.7773161858069995
-6.398266946175362,-0.11482778776378434
3.16876267387093,-0.02716667754106646
7.931230476880117,0.9970177915759587
-0.348466710721965,-0.34145707483894666
-9.051997360137747,-0.3642064606730517
-4.80807122884611,0.9954259449208488
8.59566363453417,0.7373333620096062
-3.515395223400187,0.36515804884628145
9.782222417533852,-0.34988136076562854
-6.000680286060035,0.2787622431328149
-9.973491766396329,0.5215902846501969
-7.942568319425952,-0.9960787649441702
2.0606138141753405,0.8824187390776942
0.2748318811653725,0.27138513131674014
7.009184638982397,0.6638831106908692
-3.5316936908553345,0.3802818634647025
-3.9828789580651147,0.7455010641186652
-8.457594257394959,-0.823290392981606
-4.137528122453389,0.8392679645946187
9.35493259771772,0.06978858825939696
0.8314489137018839,0.738908432915348
4.789622530049499,-0.9970189716699112
3.4105044299811595,-0.2656824807173428
-7.606333412305467,-0.9694915809857921
-9.80011715262032,0.36658812861255546
-5.59466084285777,0.6353984886871129
-4.714032507977851,0.9999986494088293
7.075057808023956,0.7116699772542331
7.723410123343967,0.9914876444940859
-9.001210938282686,-0.4110148608374049
7.801730724275309,0.9986352317628889
-9.06787437816319,-0.34937462193601476
2.908102308071065,0.23137456010546578
-4.1538442353886005,0.8480272249687532
-4.871019254587733,0.9874445794724388
-3.776035400636527,0.5927287936986231
-3.635724974959274,0.474267942504079
-2.100504441094099,-0.86295459171184
-8.483517826850104,-0.8083006709281345
-9.664169239100481,0.237111307951123
-4.4866084764537995,0.9746196747783383
-5.5676802970177555,0.6559986628380947
-7.617310656814091,-0.9721239084931778
6.79692620929228,0.4914386751831883
-9.431052868034637,0.006274866086823196
0.5863479841209625,0.5533227109531554
2.394225229849063,0.67971017346995
3.8575731711067007,-0.6563574835683577
8.542733583340699,0.7720398447665325
3.9700857560168785,-0.7369135650248797
-2.302730143437639,-0.7438834062058343
7.861633812861399,0.9999707222220071
-9.988561489792126,0.5343880025898924
2.5884992458494267,0.5253219298402135
-6.441837683558511,-0.15798765154245617
-7.4519111424884485,-0.9202527329531148
9.286444393960124,0.1378927928503353
3.542806597605768,-0.3905361715809513
-0.9249014269205311,-0.7985614346298482
-3.0738991026769256,-0.06764186274590259
4.818253190039044,-0.9944016160201219
1.6456307375285526,0.997201211996044
7.717816957642562,0.9907439050258874
-2.3996674605310275,-0.6757083557140185
-6.083203232487861,0.19865176276760682
-5.992490403028352,0.28661804365624566
0.7162280183485734,0.6565441904741762
-8.230085686113352,-0.9301026709130269
9.469605293507882,-0.04481232090253432
-3.9481385184423665,0.7219012375858469
2.3930418696035503,0.6805776693706885
-1.5511923734040778,-0.9998078486597303
-1.6056274031188806,-0.9993934593862284
6.269124366692637,-0.014060477159994905
6.000483394748315,-0.2789513242973705
-2.0597131296594213,-0.8828421214967853
-2.432965133698506,-0.6507923208282264
-7.083708267455972,-0.7177203427222528
-8.441471047375394,-0.8323348514343025
8.037021135441613,0.9832949883244066
2.1977515389857487,0.8098175808166173
2.6174082670436576,0.5005070681935306
5.559479976170209,-0.6621658281798898
-2.1225763088735583,-0.8515927981087574
2.9922117617454944,0.1488259476347969
-9.12772236184177,-0.29270603593771266
9.21451121838836,0.20872077472179354
-1.5055948957297325,-0.9978751396254789
-6.265489982855051,0.017694400865720987
8.567995772846679,0.7557392218867874
-0.2713480853817174,-0.2680304393819756
-3.9008727002220738,0.688399418483355
9.904552059886932,-0.4615787908248296
6.319849057135741,0.03665553641935734
-6.857527609043629,-0.5432827378879784
5.528623343055671,-0.6849695938591839
-6.774780857487141,-0.4720330949827067
2.806031434971082,0.3292991387199391
7.672597564239901,0.9835949611036029
-7.51128336526336,-0.9418513969007614
-6.596194041621537,-0.30792257016433494
7.420202461026236,0.9073838355814727
5.5661497954767185,-0.6571530585530654
5.00782124929632,-0.956676375134041
2.3276334859422647,0.7270113305308235
5.4498256385267325,-0.7401945611306581
-2.4229357534408607,-0.6583743273746272
5.351303048080311,-0.8027437986433844
-1.9344750793638426,-0.9345945640184349
7.071037373876784,0.7088398221380795
8.598536060775722,0.7353899154690885
-6.768272209387177,-0.46628523789425264
7.737461885993447,0.9932192511444
0.9560809522203968,0.8169376308794319
9.087708950260868,0.33072245963675084
4.105823936804796,-0.8216109532575803
1.6069527414225604,0.9993464280457632
-8.062482887084155,-0.9783422447868644
5.968968645938006,-0.3090715805940788
-7.7910641960214555,-0.9980213508539627
-2.7666137763501837,-0.3662528741147998
-5.28269073603099,0.841738099816845
-6.875051116741897,-0.5579104306636979
-4.76677536500015,0.9985214250919215
5.3759097968534135,-0.7878286676220602
8.471034833958832,0.8155871148974201
4.9360465870270716,-0.9750927251784908
9.118083195699398,0.30190928967750674
9.24351375821388,0.18027320774191902
5.870772468626257,-0.40082103000732455
7.015050421020291,0.6682583093868875
8.329387893244935,0.889106850257012
0.9582011990839199,0.8181585952585396
4.281208816973077,-0.9084731411235257
9.246234284557318,0.17759658910887274
1.6658652799059759,0.9954843496918184
6.169362713757145,-0.11357697957487081
6.866385664945142,0.5506981054517941
0.7130614904126205,0.6541524302808962
-1.0781522230197922,-0.8810853920541764
3.564026752283368,-0.4099817915051954
1.0458103075075051,0.8653309488533468
3.9807550120331143,-0.7440837641988356
4.915329744344348,-0.9794781012252047
3.3815225660690302,-0.23763454717288138
4.9905542711625515,-0.9615608527515845
0.10235236858706998,0.10217375480968002
0.608862447784059,0.5719346972301992
-8.030919948417633,-0.9843872129593015
-1.7912174752000176,-0.9758054557301097
2.34551280796007,0.7146193880260377
9.84708797990406,-0.4098686161646456
5.240890240893457,-0.863563763986619
1.1017469182280735,0.8919983951323235
-8.896454231023437,-0.5040863338105309
8.719733786613062,0.6480674724510644
-4.039502649609162,0.7820260324341852
-4.161712543676327,0.8521707622144529
-5.338014060103067,0.8105972286588048
1.1135665400027648,0.8972788886744578
9.920320444152296,-0.4755089497520009
2.1835568720669585,0.818063470188514
1.9853918722999069,0.9152793176209286
-3.243292307582223,0.10152443443404718
1.1296710468332023,0.904271789353088
-4.366694944089019,0.9408405052046667
-2.6424532057686143,-0.4786701555923912
9.715461506134382,-0.28660716141014086
1.7586992337681977,0.9823981301707507
4.363173836904075,-0.9396415490727468
-9.704092714830871,0.27569702439681626
6.376890261274916,0.09356788304657228
-1.7788604316462724,-0.9784326383030956
-6.368642648901602,-0.08535336447740495
-4.794286226036082,0.9966482945741652
-6.508152158145602,-0.22307404852618742
1.4594649245354958,0.9938090579630591
-8.190106353641056,-0.9440399392227034
3.4306374552744785,-0.28503678185653275
-0.00860296394453286,-0.008602857825947776
1.6015061580381662,0.999528490190748
3.931944716986834,-0.7106010265616496
8.830152999848806,0.5601981270364058
9.612550427324564,-0.18667098095903267
-6.846860972947937,-0.534296829220503
-6.002986051818407,0.2765471385252879
-6.416088372900937,-0.13251216165628796
-5.568576029950162,0.6553223345367174
-5.70708153961548,0.5447607324613221
2.0469197197825366,0.8887783897777961
8.901009028922637,0.5001473523947668
3.34955748551495,-0.20646901221546343
1.3404049346791034,0.9735770918254634
8.149264863828193,0.9567197577399695
-4.2311240279759055,0.8864100846124024
-1.9135073206894901,-0.9418471207851689
-3.8249305841527317,0.6313850000079223
4.891116249572541,-0.984070752344585
-8.008771156706697,-0.9880440023907079
-9.872614839222965,0.4330167414796033
3.5777346003762815,-0.4224457237036381
-5.05233579660208,0.9427724003000518
-0.9106409108719475,-0.7898969338355444
5.366630407617578,-0.793509791497345
0.7246604086361756,0.662881220491558
-7.791310400322715,-0.998036800931213
4.775593309328563,-0.9980032712430398
-6.973452406734687,-0.6367431589810246
-5.445305791814988,0.7432261022380873
7.427697538236899,0.9105085226345551
-8.583523534909961,-0.7454798165009451
1.8880440571748451,0.9500975937564634
3.6972588809725266,-0.5275094101630796
8.732498384376811,0.6382936410359529
2.785282922124267,0.3488181318670205
-4.305679777385166,0.918427596925577
4.771194813701179,-0.998271435203029
-6.0045143188288534,0.27507815100742244
8.3041037648741,0.9003939729053109
-5.19223550793636,0.887065782713617
4.459573012850349,-0.9682118995373878
2.2061140547725557,0.8048831867481813
7.975549600902852,0.992619710728991
2.9572741783383805,0.18327659547943972
-9.52255490441344,0.09762122144767105
-4.104485643431332,0.8208473254156677
9.815277908765793,-0.3806507740215731
4.005757438606132,-0.7605532442867775
-5.240990488174315,0.8635132109936015
-7.576705723571322,-0.9618046890943802
-4.827767433283551,0.993351286958119
5.807347555711566,-0.45808329288850597
8.158215506137992,0.9540767355747485
-0.9776859512748928,-0.8292061707465475
-7.808652709430085,-0.9989728201977323
2.777450857927107,0.3561474940627083
3.192298528693591,-0.05068414970455647
6.370810249939204,0.08751285317456792
8.001854432819592,0.9890867255781051
-2.110950893893669,-0.8576292026097823
5.805666513323445,-0.45957693910347247
1.119913960994534,0.9000629531605832
-5.967221750818904,0.3107324731613302
-0.7833751396258357,-0.7056748413738688
6.520086044296974,0.2346910578975119
6.806604661048176,0.4998446081768754
-1.4327111329537274,-0.9904813787603826
-8.307712524204149,-0.8988180305576913
-1.989178139896353,-0.913747577172628
3.120346639041294,0.021244416200390966
3.0998392365381306,0.04174128632090814
-0.29187565144466276,-0.28774905256083677
-2.7661056076534365,-0.3667256855816933
-1.1012570421482373,-0.8917768452314061
-6.488310997515434,-0.2036902168004303
-1.2017419625845882,-0.9326688851935074
-6.546649670158217,-0.26042692814393115
-3.2363307540016315,0.09459644672951374
-4.706987855257886,0.9999854139591412
0.8425596707814904,0.7463491637805564
2.0335349026540044,0.8948333533726371
-1.3584871203232574,-0.9775469305604136
4.174666899639412,-0.8588776153376707
1.4508436764184793,0.9928143030688855
9.898262469016558,-0.45599020672138446
-7.850809596984828,-0.9999949690948865
3.9830145705386357,-0.745591443578427
5.021787626165008,-0.9525168459782206
3.5459076730335752,-0.39338910071230554
-2.968616047250432,-0.17211529310704674
-8.15053543985421,-0.9563492342046448
4.363515065018156,-0.9397582491240779
6.62979230673065,0.33970854773924003
4.533266295786085,-0.9840003795465241
5.689475203996281,-0.5594400623859256
-7.626932578754953,-0.974334903735157
9.179142664993343,0.24317259994389243
-3.3353455413841218,0.19254290807507782
3.217764509546903,-0.07609821721368783
1.9919114139846883,0.9126336842726149
7.061013562216388,0.7017338390189438
6.210036049334882,-0.07308404061752106
-3.0782366267923855,-0.06331365026775615
4.239978108605833,-0.8904738474574267
-5.073697874873911,0.9354349323156199
9.380684660340734,0.04407901397772337
4.203870971893835,-0.8734670235120654
-0.4935539296516325,-0.4737586583817791
-2.6704102516804724,-0.4539401605953849
-7.039654621557755,-0.6863579883925495
-5.463831282592579,0.7307049790836067
0.20184080079533118,0.20047310051200132
4.163016818399633,-0.8528525169258978
9.459590836340283,-0.034805844165696695
-6.4516478392456165,-0.16766684473141885
5.047326300710942,-0.9444309149217635
-0.8037947765599327,-0.7199947657682182
-4.474608081807144,0.9718630690227463
-3.1881759347027803,0.04656643530471727
0.49738752770913663,0.4771312450447543
-7.804839054132881,-0.9987927464116918
8.21273259659695,0.9363360972044412
-7.81864409403007,-0.9993756941057969
6.5994254529271785,0.31099535876862927
2.9894767149664077,0.1515299752941095
-1.2692400867727827,-0.9548754320819229
0.19550695770782056,0.19426385971934393
-9.958396143148644,0.508651818706251
-6.173055244584894,0.10990757641740054
-3.9486862651056924,0.7222801678272877
-2.2774667766067935,-0.7605279816756797
7.537456878529781,0.9503228795026017
0.7406054847258758,0.6747349194327418
9.720981339667539,-0.29189103484034906
2.1650426376456195,0.8285707129521731
-1.3679285560976773,-0.9794928104525745
-2.5032378164206825,-0.5958750556572742
0.7529070444343198,0.6837629288503559
-3.321657672783118,0.17909354177061867
9.577683878711355,-0.15231078509145402
-0.20709956378767913,-0.20562231070460055
-0.918953093868005,-0.7949669473207448
-8.935883138464192,-0.46965046635955576
-2.7518556803225316,-0.3799451261665729
2.85082909627112,0.2866838158000628
9.53446195245644,-0.1094641969714511
0.3578708584346231,0.35028077948023467
4.990414371785434,-0.9615992585812735
3.7807677077200523,-0.596533552648445
1.506444332142344,0.9979301248503767
2.113147338553233,0.8564975723288065
-6.8544700910834635,-0.5407132638808694
-8.019142368787236,-0.986391941536401
-4.859684635880281,0.9891715939595928
-2.5275241112653504,-0.5761974822106468
-3.2499394241504262,0.10813491408192272
-0.6199955964223776,-0.5810315765547124
-3.189721811200215,0.04811057857210443
-5.328375602563899,0.8162038093854747
-8.43125282315092,-0.8379549873901517
2.520038633106452,0.5822992422269307
7.042815995223819,0.6886537075304466
3.1140402660351114,0.02754890169435854
-9.511636191004591,0.0867490565794326
1.4110998469435252,0.9872755941867353
-8.621961384076485,-0.7193155707558441
8.338978102956489,0.8846765952931196
-5.7382327834812585,0.5183774916390501
0.8528492092408229,0.7531577832315328
9.552005559706636,-0.12688464069620548
8.065932264557588,0.9776224260425206
5.929930055370633,-0.3459538799927715
-5.485528832487706,0.7157213726896806
5.156858789766638,-0.902838763252172
2.6384334856969005,0.48219557223208187
2.626939691143903,0.4922327951252323
1.8707826899167088,0.9553405190098369
3.011492763282952,0.12973318939459588
4.743377530643812,-0.9995198932984123
6.072004355419963,-0.2096147615433614
0.7621250226894745,0.6904601814321869
-4.409444785428597,0.954462280719749
6.630537994464163,0.3404097954743319
-1.8173710434909118,-0.9697541647957632
-7.671545976433457,-0.9834047201993599
-5.024539768551758,0.9516752511918468
7.046606021348239,0.6913968664576718
8.419994821181064,0.8440456905557174
8.930658352066686,0.47425675048113497
4.17945360664541,-0.8613194262007389
-6.847552260556519,-0.5348810448021025
-7.713930303501677,-0.9902088320940695
-4.47764132987195,0.972573068175041
9.555737447960226,-0.13058547373806095
-0.566794998101745,-0.5369309875720673
2.8147833206597923,0.32102287792877116
6.135966802206596,-0.1466872961040828
6.016142774119537,-0.2638799537830793
6.841393904659519,0.5296675714709698
-7.298721212063427,-0.8497631838701836
5.984466005983236,-0.29429646634256884
-4.685717390327259,0.9996443342269277
3.2653699271090986,-0.1234614541276259
-1.959828035152647,-0.925276759472521
9.126721785817942,0.2936626425285613
-8.570250326735966,-0.7542608566719149
-0.16376440044327012,-0.1630333878354789
-6.317075553565928,-0.03388375932525107
0.7154402428020923,0.6559497775169284
2.959064639873482,0.1815161690511398
-3.452962723674755,0.3063631134587313
8.901486789613784,0.4997335830873797
-8.423373219855023,-0.84222913907749
1.9206682325653368,0.939416628371047
-3.6095557176767876,0.45106927963307886
-2.2156958233527746,-0.7991601854194883
8.657795346144624,0.6939658597401381
3.73467197133035,-0.5589171114830231
4.436114876247352,-0.9620784374737823
-4.843450373723549,0.9914237424002985
2.7634707181318348,0.3691757241732284
-8.156791872022321,-0.9545022357372458
2.9590967181097554,0.18148462360641637
-4.635195337049971,0.9970220499203277
7.135237058057712,0.7526329438642215
-5.514628134212703,0.695098693475678
-1.5738863213483754,-0.9999952259706283
-9.426385733658755,0.0016077721967108695
-8.898454543933063,-0.5023577496925098
-9.65506666985851,0.22825862036800357
0.3272942080605432,0.321482051561859
-6.108024243575191,0.17426673894029876
8.215904731891975,0.935217635635413
-4.359047944472266,0.9382218382108131
8.756339392681888,0.6197613463676772
9.235910556790586,0.18774655999318257
3.864034136244328,-0.6612182255537301
0.7533715109503412,0.6841017782638524
-7.774621155369907,-0.9968526096159683
-9.481466125999884,0.056657808417838844
8.204416197060368,0.9392236134247638
4.74404274888046,-0.9994990612988596
3.825786327461209,-0.6320483716019979
3.824500486523398,-0.6310514140165072
8.599436455428645,0.7347794702361807
-4.7276049825482716,0.9998842388725877
5.326571487392457,-0.8172448334743605
-6.815520095110244,-0.5075464330195303
-7.61706970470339,-0.9720673847846182
7.5192950876283575,0.9445133171328698
5.8523448929669115,-0.41763456285705647
3.2992278824928505,-0.15698319677943992
-5.302510710482036,0.8308729470623227
-8.22195787583253,-0.9330572580632919
4.455305289779837,-0.9671355939975285
6.122920491229202,-0.15957963455619031
6.3211793468256445,0.03798489927517802
0.2568970847985419,0.254080692954879
-8.16971770160194,-0.9505680754911092
-6.277696872003919,0.005488407621093167
-0.27548290594122804,-0.27201166612185074
-4.14397244760999,0.8427544089903212
-0.360444584387416,-0.3526902835629924
-1.1478533727616451,-0.9118849676556404
-5.349814088173041,0.8036308111018956
-4.654808098823917,0.9983426790272371
9.718884992712077,-0.2898853405701386
-3.1951156459925585,0.053497441414536835
-1.3682879752476929,-0.9795651626372313
8.458825577072837,0.8225908468639068
-3.5753177901375146,0.42025392375269505
0.12792248735674505,0.12757388197657712
-8.64026883270035,-0.7064778589170604
-1.4497339797631845,-0.9926808997371785
-0.04692689463461619,-0.04690967331692211
6.330643589936592,0.04744046980489696
-9.26370075456073,-0.16038156133329928
-5.322145343388762,0.8197875652244051
2.4024243407080235,0.6736735037078079
-8.352368820178366,-0.8783546443082891
-8.06812203904212,-0.9771594256068868
4.271725962969327,-0.9044690590965936
7.63190763974395,0.9754427437885836
-4.865422138181081,0.9883132608281473
7.1732335550166155,0.7771021143912397
-3.0523659272836134,-0.08910837835449907
8.583536395646227,0.7454712443958833
-7.066388880822142,-0.7055532703428742
-9.201715537350239,-0.22121720628735647
-3.9939884028156456,0.7528594017097198
9.318120183277713,0.10645567144302263
-8.089434066831164,-0.9724088959844955
2.2510626861931087,0.7774052062380773
-7.017000812956642,-0.6697079911758265
-6.6999040545443975,-0.40476218784555096
-2.8528680965701234,-0.2847298074246892
-2.881487094621523,-0.25718256158871905
9.339081642743565,0.08559146625574805
6.763694032178044,0.4622303522582589
8.05722587393462,0.9794168903486713
-0.9504431622801306,-0.8136732049107006
0.9112482584587376,0.7902692377320886
2.438705851771701,0.6464229476554345
0.25582608993509837,0.2530446993833627
-0.3879581537311978,-0.37829910179419707
6.179317041556608,-0.10368160052849563
3.9332828375820057,-0.7115418852960677
-4.554706149782767,0.987593799972474
0.5639848592711942,0.5345581639952246
-5.406908837284924,0.7683610898976874
9.800706179797473,-0.367136086053998
8.622041492094318,0.7192599187328673
-1.057034535709498,-0.8709019160335754
3.567091501095369,-0.4127751998212212
6.312762926890855,0.02957330730751744
-0.3262021557786632,-0.32044777865044705
-0.6873555870266017,-0.634495466005738
5.031848248035679,-0.9494053756152261
-8.566898859301084,-0.7564571057973425
-9.66868369676089,0.24149459342230098
7.511031984389092,0.9417668957078962
-5.548646480179954,0.6702449720253022
-9.232316760134122,-0.19127522997682453
1.6343770127332817,0.9979794290058709
-4.995610571195254,0.9601601478095092
-8.513290878532402,-0.7904155567961619
-1.3239855119200286,-0.9696965100475439
3.9720517997139524,-0.7382411599050411
9.826437536381675,-0.3909463757039069
-9.107119839404433,-0.31234270589951024
-1.973817173094659,-0.9198804202600794
7.099137074426821,0.7283780559647449
-5.8184667058425354,0.448171263501251
8.492910720066334,0.8027348427217241
-9.355778183410386,-0.06894503942089554
-6.962657810468798,-0.6283827695042488
-7.305302453183021,-0.8532141535493775
7.6362125988893155,0.9763818829396499
-7.157546785101879,-0.7671340551504148
-0.23682611395418718,-0.23461851830501324
9.733020866407088,-0.30338482644187914
8.640008337901435,0.7066621962692209
5.49369650055808,-0.7099933785541488
-6.464745082049554,-0.1805639296912973
-8.46392476755101,-0.8196805934437572
6.10985265763339,-0.17246601209757229
-2.8075367758180647,-0.32787738471348543
-9.574439417771732,0.14910338239162757
2.0835918030655876,0.8713764114030217
-3.0660824337424053,-0.07543848302425032
6.676411186789323,0.38317007704993916
1.4376597792898416,0.9911504132804971
-0.6352177637762111,-0.5933528157426182
0.6020292926710233,0.5663161571534256
4.238512731546436,-0.88980609461955
-9.479084288130736,0.05427963813355509
-6.084066858657842,0.19780527457023878
-4.2202758417010635,0.8813363916164114
-9.29504043930455,-0.12937387444371926
-1.1057836713450406,-0.8938158905428654
-4.862602132179834,0.9887392024683256
0.20402926451142278,0.20261665489744207
7.618809688184129,0.9724742905853022
-4.653400687755184,0.9982606950972368
-8.534659749515438,-0.7771461456821964
0.7869375998043715,0.708194488805691
1.4419392212803537,0.991709404236389
-1.591609988181716,-0.9997834035692914
5.848034547824767,-0.4215471157196237
-4.203991827980257,0.8735258599444576
5.372713595586816,-0.789793162827303
-9.69394369877893,0.2659273065341493
-8.960197828002055,-0.44804747554351443
-5.211241441211762,0.8781321435351304
4.299236251175834,-0.9158595596774105
4.068972519863422,-0.8000507860970174
7.058759267219791,0.7001260091957449
1.865938541160702,0.9567607852621275
4.987289058305244,-0.962452326358171
-9.218193533871958,-0.20511815429550156
-5.799722934845089,0.46484750818013965
-5.051999610381518,0.9428844439301449
-2.1516394116788398,-0.8360003219972602
-7.797074148435112,-0.9983812059824383
-5.010433858910389,0.9559124407733736
-3.952879976581663,0.7251741811661366
2.968474600877272,0.17225462692718585
4.110107578236509,-0.8240452916246459
-9.640910062302975,0.21445332781992577
-9.189972551996636,-0.2326537383460202
0.5768174300078783,0.5453590649598175
-5.210503615847109,0.8784848935369927
4.358285487312649,-0.9379577291433496
-2.127857937838556,-0.8488122827724685
-7.400558825168744,-0.8989530267564245
9.5176646025389,-0.09275312949963319
6.392578124116,0.10917476732957726
5.391475548938558,-0.7781467536057038
2.2458258273848912,0.7806885159532013
9.608432247623888,-0.1826236171352271
7.917791473348345,0.9979648428851708
8.192232970571368,0.9433363805161746
-9.399414697090368,-0.025360544422415584
-9.985030369322644,0.5314000354344721
7.290359989698196,0.8453257913424144
-2.1128289954338584,-0.8566618420622941
3.29863787720366,-0.15640047951470332
-9.36839829810392,-0.05634979872269258
-0.6125699689865485,-0.574972035948007
-6.078695443940685,0.2030676784387715
2.978176392210713,0.1626898968066992
8.466513235193652,0.8181951208715896
-6.2808816285043,0.0023036766377079214
-7.973567447130648,-0.9928581339152265
9.606442698480691,-0.18066716628984464
4.112274327643696,-0.8252708716779421
3.5548031584102233,-0.40155168944939296
5.328285214918218,-0.816256028786927
9.856735159418257,-0.4186490293926253
3.5987396510764356,-0.44138986362209276
-7.769011136842071,-0.996392178793746
3.6954253654022295,-0.5259508626877218
6.101776855623342,-0.18041509157423397
7.016350639550247,0.6692250149320702
0.9765948559888713,0.8285958173620042
-0.18587964022184877,-0.18481109251223832
9.77278613278586,-0.34102605963374716
-6.021567317095911,0.25864382410703785
-0.8100784834079562,-0.7243412863262094
7.545287490961464,0.9527311207351002
-0.038494101945282466,-0.038484595915969075
-7.509162967644389,-0.9411367635786381
1.6014123408285528,0.9995313664498211
3.5800402684612394,-0.42453442936754154
-9.832613717005682,0.39662352297966263
-4.852194234727829,0.9902431528505853
-3.6215434590719866,0.4617355396952014
-7.583068921288447,-0.9635270458016918
6.36550323273844,0.08222498937044831
7.072616867849071,0.7099530643133045
8.16731101415467,0.9513126373885765
-2.459806434844385,-0.630180935139905
-9.374495133198643,-0.05026164137788006
-9.636795366108096,0.2104325590886475
-0.5893381108735696,-0.5558109104826338
4.847983575387957,-0.9908211293196328
6.246076055555967,-0.03710073503961337
6.922770678739056,0.5968628183247263
-4.935291950044089,0.9752598241911836
4.833675257532207,-0.9926538315145639
-8.846388326776626,-0.546676215767073
-1.4077309077870268,-0.9867342686997114
-1.2578833407579815,-0.9514408990895417
-6.333116397701787,-0.04991034579317302
-4.9701306875535955,0.9669680765698379
-5.526069613299114,0.6868279334247154
-2.597211120182674,-0.517889123728527
-6.1441482117345885,0.13858956660724103
1.4055119423791211,0.9863716046557455
8.352707216362262,0.8781928374166457
7.85250523960471,0.9999989101300304
9.000640350632978,0.4115349579473374
7.972839396465588,0.992944727935687
2.424704558691758,0.6570419349406544
4.208494854703929,-0.8757089693900969
-5.783472273854176,0.47917368191787985
-5.250575348687594,0.8586397235707108
-2.423666494192336,-0.6578241298975566
3.232388628028268,-0.09067127355929293
2.917394788463916,0.22232437409164238
-9.510601896054197,0.08571861450256305
-4.282753734384393,0.9091177444971672
2.3503470614608446,0.7112294253196889
-5.687817061323145,0.5608136787411706
-8.203743062638246,-0.9394544917019192
9.736986516168017,-0.3071611721861114
2.8470303777229375,0.2903210068954505
9.869926995790884,-0.43059239611979394
6.261769746620722,-0.021413923640086926
-3.05130219278794,-0.0901678306319687
-8.057885153739903,-0.9792836032947945
-6.584607044344327,-0.29687814492233733
-2.248825079803794,-0.778810713553541
-5.830503728171674,0.4373785873762746
6.345005097874051,0.061780422241101654
-8.726590925995318,-0.642829996987542
-8.198120977376561,-0.9413661752309626
7.443717021544174,0.9170153137265343
1.1633143487097968,0.9181216213086433
8.700153909244598,0.6628539985907169
-5.4275516371367445,0.7549865906235991
1.5236972098342534,0.9988910416161809
6.94769330164889,0.6166718906476472
-2.41225979445694,-0.6663723503394776
-4.247351165650901,0.8938046079788012
-6.0526731075503335,0.22847620517514472
1.0325614578358469,0.8586148621149031
-2.918192153549519,-0.2215468942639721
8.080148982977484,0.9745329999610065
-1.4214040149450824,-0.9888617071436404
-2.193143023088755,-0.8125127038495875
7.511671985866769,0.9419819138326505
5.449735273840467,-0.7402553186684399
-7.363889786138685,-0.8822896289191923
-2.7037892632779617,-0.4239510527968133
-0.8961380236092822,-0.7809204309743475
1.336034891256471,0.9725698617192309
-1.6182510729842008,-0.9988742348200278
-9.87888606989463,0.43866098830850764
3.7835811215085897,-0.5987892013372889
-7.294071843730606,-0.8473030257433251
-6.290465112673118,-0.007279741194130839
8.076324766947657,0.9753834298028833
4.296438731250987,-0.9147327765074007
-5.894690397031997,0.37879591378887795
7.192065832355389,0.78881617220603
-4.247514817962106,0.8938779869686886
-5.15907575302386,0.901883297111133
2.7419826572114374,0.3890590955785259
7.7069395738528215,0.9892087807250526
4.107417144295432,-0.8225181158705206
5.1444137175219,-0.9081198332771027
6.060796798726436,-0.2205599376749625
-0.9785917551741861,-0.8297121231301544
-2.1701685350779556,-0.8256899301125864
-2.485101435083436,-0.6103411733344088
0.6657576985032279,0.6176552012123098
-5.607955959271731,0.6250763537970766
-8.118339562732292,-0.9652604663465888
5.457498304409768,-0.7350137793814899
2.2046510369354735,0.8057505285152431
-4.11990344082664,0.829555256457263
-6.315987600254086,-0.03279641089872338
5.908647367895163,-0.36584253898410507
-1.8813960515947805,-0.9521504474041624
-6.844158526489075,-0.5320105112667883
0.8789491923090864,0.7700689301759213
-2.964386270446383,-0.1762803960770344
6.684935727373578,0.39102998866606614
6.112746817749603,-0.16961450129119285
7.164646175077259,0.771668849790153
6.76957941349756,0.46744123693961626
8.443763177852482,0.831062199743172
-0.7367079640830809,-0.6718531972059183
2.663663881422096,0.4599410177714294
6.8322584785542375,0.5218968604158241
-6.679692081820843,-0.38619849927077565
9.44319605537504,-0.018417053306587553
3.551969764278887,-0.3989551556980914
-5.6619933339313775,0.5820048688878213
-9.659880646332141,0.23294284746708835
-9.712171635496581,0.28345376147575524
-2.3503482399015994,-0.7112285969225299
2.1720299938127425,0.824638406236852
-3.5094834172045033,0.35964813027153253
2.5913169149880915,0.5229222829768904
-2.7859305223299557,-0.34821113404644377
-7.2427942275741195,-0.8189672136919222
-8.51385070331212,-0.7900725005213165
2.2213988117586467,0.7957190383769115
4.436701788272856,-0.9622383654853964
-7.947222263046395,-0.995656240900044
-4.221988969894049,0.882144532732376
-3.480854442326109,0.33279104922317093
0.37426524748770973,0.36558873746648973
-3.4033318818191276,0.25876093495201746
-1.657344471812202,-0.996257046580452
-5.768972946226722,0.49184921979825286
-5.501023812672898,0.7048144108303571
3.59321895487453,-0.4364293565346575
-7.592739877679758,-0.9660700017563708
-5.149190967327293,0.9061091942952877
2.3606240628223034,0.7039676734850209
-7.742179242169808,-0.9937566200635546
1.1243505344126916,0.9019873695183334
-7.491197665878019,-0.934912477896434
9.397529916430813,0.02724467271842767
6.048994454743628,-0.23205600176454927
9.910906675380332,-0.4672066078037331
0.30534283888906444,0.3006201733844061
0.30315725766160995,0.2985349721876653
-0.9887066961795377,-0.835315656922441
0.058183565632219825,0.05815074278623142
1.5395151414972688,0.9995107836171706
8.874294913308368,0.5230989777399032
-4.361601624083406,0.9391024389532553
1.887375189066418,0.9503060365045178
1.576355381673121,0.9999845484942221
3.031913937558045,0.1094589530174053
-4.020175062767706,0.7698348851628618
3.2023753560037846,-0.060745282004260395
-9.35949904745204,-0.06523256062506978
3.892689023854061,-0.6824405521068378
2.06198469391925,0.8817729593859828
-4.45143679858122,0.9661447526591709
6.5124590544690335,0.22727033561623122
6.529126111498755,0.24346892669460904
9.500883947452607,-0.076032538774147
-6.102065999631591,0.1801306847187308
1.669068420579375,0.9951751826016839
-1.5596800043158936,-0.9999382143235268
9.747693979935185,-0.3173332079601577
-7.928087897524257,-0.9972553872542286
-3.178812259546227,0.037211013170729834
-1.0281130308144846,-0.8563260161969897
-5.028646470690305,0.9504060360692019
-5.125402208009714,0.9159155604807253
7.891267236671467,0.9993049724412377
8.643089577191589,0.7044787109752826
2.0718559551526,0.8770740564091455
-8.123200369024985,-0.9639789901363279
-7.025236148795635,-0.6758009746083179
-6.2195876214978405,0.06355482245552724
8.81122625261876,0.5757749912736406
5.829350187573212,-0.43841564921906057
3.252191271828849,-0.1103732813815107
-2.361783619265946,-0.7031436462932046
-6.96111288992849,-0.627180219750391
-7.256594750816507,-0.8268082721365968
-4.417663795387462,0.9568820058623052
-7.492078825405429,-0.9352248193615431
-1.1832973351662588,-0.9258570206035548
-2.2144594194772473,-0.7999027991714731
2.906037987121266,0.23338237076241578
5.217904736302479,-0.8749248314868203
6.267918867571261,-0.015265846605202126
-4.720159268885489,0.9999698114601997
-8.5174211487329,-0.7878787382915147
-5.43173123339426,0.7522392747658823
-2.131000851547885,-0.8471464525677537
3.831074356541471,-0.6361373622096894
0.6878983906822675,0.634914919887729
-0.7664548670071767,-0.693585780659617
2.065912754562973,0.879913396997231
6.950858822829353,0.6191607592908079
-2.8355926138359777,-0.3012469097633785
5.22894396725556,-0.8695257852062176
-6.998890989855614,-0.6561501096272134
-5.254061561647955,0.8568475478065817
-6.125801033803896,0.15673534784026058
1.924260863459022,0.9381790955515485
-8.836188577734468,-0.5551883307479122
-1.267190956623164,-0.9542648226389729
-8.754946743680485,-0.6208536824894111
6.344303365536824,0.061080015223664436
-8.66833128931415,-0.6863415208372246
0.502569959921285,0.48167930490461197
3.4334027050590663,-0.2876862264619716
-0.7896805411492203,-0.7101283865585863
1.9944119752051535,0.9116086567308769
-3.508420452608352,0.3586560877633657
-3.3638097038840087,0.22039269870243589
4.841790987659181,-0.991639236695501
-5.777468639524848,0.48443452526356795
3.3508433613514015,-0.2077270104226215
0.5972560010044887,0.5623756303937838
-3.2405434735878345,0.09878942341903386
-5.090387254621753,0.9294052556049502
-0.21751337932396453,-0.21580226411914305
5.467538068347636,-0.7281693667976994
-0.6998328345676583,-0.6440898230622757
8.963722068156443,0.44489399452175776
9.401198056079991,0.023577719632180253
8.695479311137184,0.6663468426913556
0.8142653818790109,0.7272215509308557
2.6889209389114583,0.4373697165856318
0.28147450925773754,0.2777724327685337
-1.5637032311798649,-0.9999748441027686
6.038827224808529,-0.2419335266062807
4.672725744555571,-0.9992135169759999
-8.508302865700248,-0.7934612233491989
0.6031031872818033,0.5672009215811
-4.407085402303718,0.9537557461901673
7.4589810078121275,0.9229963234105344
-9.939358154245944,0.49216945108316235
-7.572674984037167,-0.9606935179014265
3.4131491365770614,-0.2682312059899876
-9.804642742719594,0.37079489380149716
8.236049233405012,0.9278957361667864
-3.4545084011377156,0.30783410004030476
7.386935695174664,0.8929022499307626
7.799505042765567,0.9985165174370491
7.892390989933027,0.9992624513682581
5.4670226313722665,-0.7285225491328157
5.963911816387373,-0.3138768493886198
-4.122119120240129,0.8307905091794957
5.796328827605215,-0.4678499360810852
8.553873633793614,0.7649117584505192
-0.6108940876841444,-0.5736000682278903
0.39048927062739125,0.38064090043525983
-1.9418155055840103,-0.9319583106757559
-6.0002067991107,0.2792169298642178
-1.7508221363150334,-0.983839071793057
-7.550369868887614,-0.9542629107788756
3.233756405737296,-0.09203333198366302
2.809146911818438,0.3263558322092444
-8.92570507507245,-0.4786117133325835
-5.110116398597889,0.9219435998056268
-2.70066680457181,-0.4267769458283609
-3.1733499062232475,0.03175191491550382
4.812967461769169,-0.994946247023721
-0.4223713666550175,-0.4099245732009252
-5.180227029231833,0.892545321850485
-1.8676481322914285,-0.9562621084515653
-6.185375467797215,0.0976539600113268
-3.537133184977101,0.3853070411818586
9.453727306074647,-0.02894530190448467
-9.665081416210501,0.23799737327180034
-3.248380556423676,0.10658505643973591
-2.7834438339648884,-0.3505411168328858
7.4376546129900305,0.9145804734005252
-9.940367008370746,0.4930474073978704
-2.8161306901362373,-0.3197465317718887
-5.65658400967115,0.5863951154686832
3.801672524638839,-0.6131799475259803
-0.4987563932389847,-0.47833380054859787
0.7643741617758621,0.6920853943151855
-7.756638881452574,-0.9952659342181407
4.244064675404154,-0.8923259353919755
7.5067766951015855,0.9403274625719814
-0.8070561675980912,-0.7222542710857687
-8.497826243570806,-0.7997938523251097
-8.461683404800535,-0.8209624327650944
2.438566407049379,0.6465293348033152
4.302902920274569,-0.9173255629202262
-5.9962126993303855,0.28304993915902116
7.795164682657131,0.9982707817147826
-0.1433746450843998,-0.14288394127206674
6.327621401930642,0.044421472523953544
6.478753604794008,0.1943240306930204
4.121890132516519,-0.8306630362120034
-7.235997109859575,-0.8150478651793546
-2.713500955871943,-0.41513546302569504
-9.905661929830298,0.46256307109088624
1.196150702405646,0.9306373615332555
2.0137144093856065,0.9035048863755549
-7.735645259405743,-0.9930064181615956
-6.33910574855447,-0.05589130116891407
5.287543665063609,-0.8391081694711838
-4.002831385954771,0.7586501766578567
-2.5464202041207074,-0.5606515599325512
6.361085416215936,0.07782134441834213
-2.38536973553067,-0.6861787724232375
3.98296325382573,-0.7455572449683153
-0.3911296807055251,-0.3812330242260972
5.573262906065509,-0.6517749210223562
6.8672631106947435,0.5514303012762688
1.3285171795542965,0.9707936932235927
-2.8104464970968337,-0.3251271278885706
-1.6279309909018416,-0.9983682590349858
0.7596500147341487,0.688667720998927
-0.04649217276336515,-0.04647542559673304
6.7640300604711925,0.462528302568346
1.8675982224970795,0.9562767064324847